0,0,0,0
1,0.0251301,0.0251301,0.0251301
2,0.0502443,0.0502443,0.0502443
3,0.0753268,0.0753268,0.0753268
4,0.100362,0.100362,0.100362
5,0.125333,0.125333,0.125333
6,0.150226,0.150226,0.150226
7,0.175023,0.175023,0.175023
8,0.19971,0.19971,0.19971
9,0.224271,0.224271,0.224271
10,0.24869,0.24869,0.24869
11,0.272952,0.272952,0.272952
12,0.297042,0.297042,0.297042
13,0.320944,0.320944,0.320944
14,0.344643,0.344643,0.344643
15,0.368125,0.368125,0.368125
16,0.391374,0.391374,0.391374
17,0.414376,0.414376,0.414376
18,0.437116,0.437116,0.437116
19,0.45958,0.45958,0.45958
20,0.481754,0.481754,0.481754
21,0.503623,0.503623,0.503623
22,0.525175,0.525175,0.525175
23,0.546394,0.546394,0.546394
24,0.567269,0.567269,0.567269
25,0.587785,0.587785,0.587785
26,0.60793,0.60793,0.60793
27,0.627691,0.627691,0.627691
28,0.647056,0.647056,0.647056
29,0.666012,0.666012,0.666012
30,0.684547,0.684547,0.684547
31,0.70265,0.70265,0.70265
32,0.720309,0.720309,0.720309
33,0.737513,0.737513,0.737513
34,0.754251,0.754251,0.754251
35,0.770513,0.770513,0.770513
36,0.786288,0.786288,0.786288
37,0.801567,0.801567,0.801567
38,0.816339,0.816339,0.816339
39,0.830596,0.830596,0.830596
40,0.844328,0.844328,0.844328
41,0.857527,0.857527,0.857527
42,0.870184,0.870184,0.870184
43,0.882291,0.882291,0.882291
44,0.893841,0.893841,0.893841
45,0.904827,0.904827,0.904827
46,0.915241,0.915241,0.915241
47,0.925077,0.925077,0.925077
48,0.934329,0.934329,0.934329
49,0.942991,0.942991,0.942991
50,0.951057,0.951057,0.951057
51,0.958522,0.958522,0.958522
52,0.965382,0.965382,0.965382
53,0.971632,0.971632,0.971632
54,0.977268,0.977268,0.977268
55,0.982287,0.982287,0.982287
56,0.986686,0.986686,0.986686
57,0.990461,0.990461,0.990461
58,0.993611,0.993611,0.993611
59,0.996134,0.996134,0.996134
60,0.998027,0.998027,0.998027
61,0.999289,0.999289,0.999289
62,0.999921,0.999921,0.999921
63,0.999921,0.999921,0.999921
64,0.999289,0.999289,0.999289
65,0.998027,0.998027,0.998027
66,0.996134,0.996134,0.996134
67,0.993611,0.993611,0.993611
68,0.990461,0.990461,0.990461
69,0.986686,0.986686,0.986686
70,0.982287,0.982287,0.982287
71,0.977268,0.977268,0.977268
72,0.971632,0.971632,0.971632
73,0.965382,0.965382,0.965382
74,0.958522,0.958522,0.958522
75,0.951057,0.951057,0.951057
76,0.942991,0.942991,0.942991
77,0.934329,0.934329,0.934329
78,0.925077,0.925077,0.925077
79,0.915241,0.915241,0.915241
80,0.904827,0.904827,0.904827
81,0.893841,0.893841,0.893841
82,0.882291,0.882291,0.882291
83,0.870184,0.870184,0.870184
84,0.857527,0.857527,0.857527
85,0.844328,0.844328,0.844328
86,0.830596,0.830596,0.830596
87,0.816339,0.816339,0.816339
88,0.801567,0.801567,0.801567
89,0.786288,0.786288,0.786288
90,0.770513,0.770513,0.770513
91,0.754251,0.754251,0.754251
92,0.737513,0.737513,0.737513
93,0.720309,0.720309,0.720309
94,0.70265,0.70265,0.70265
95,0.684547,0.684547,0.684547
96,0.666012,0.666012,0.666012
97,0.647056,0.647056,0.647056
98,0.627691,0.627691,0.627691
99,0.60793,0.60793,0.60793
100,0.587785,0.587785,0.587785
101,0.567269,0.567269,0.567269
102,0.546394,0.546394,0.546394
103,0.525175,0.525175,0.525175
104,0.503623,0.503623,0.503623
105,0.481754,0.481754,0.481754
106,0.45958,0.45958,0.45958
107,0.437116,0.437116,0.437116
108,0.414376,0.414376,0.414376
109,0.391374,0.391374,0.391374
110,0.368125,0.368125,0.368125
111,0.344643,0.344643,0.344643
112,0.320944,0.320944,0.320944
113,0.297042,0.297042,0.297042
114,0.272952,0.272952,0.272952
115,0.24869,0.24869,0.24869
116,0.224271,0.224271,0.224271
117,0.19971,0.19971,0.19971
118,0.175023,0.175023,0.175023
119,0.150226,0.150226,0.150226
120,0.125333,0.125333,0.125333
121,0.100362,0.100362,0.100362
122,0.0753268,0.0753268,0.0753268
123,0.0502443,0.0502443,0.0502443
124,0.0251301,0.0251301,0.0251301
125,1.22465e-16,1.22465e-16,1.22465e-16
126,-0.0251301,-0.0251301,-0.0251301
127,-0.0502443,-0.0502443,-0.0502443
128,-0.0753268,-0.0753268,-0.0753268
129,-0.100362,-0.100362,-0.100362
130,-0.125333,-0.125333,-0.125333
131,-0.150226,-0.150226,-0.150226
132,-0.175023,-0.175023,-0.175023
133,-0.19971,-0.19971,-0.19971
134,-0.224271,-0.224271,-0.224271
135,-0.24869,-0.24869,-0.24869
136,-0.272952,-0.272952,-0.272952
137,-0.297042,-0.297042,-0.297042
138,-0.320944,-0.320944,-0.320944
139,-0.344643,-0.344643,-0.344643
140,-0.368125,-0.368125,-0.368125
141,-0.391374,-0.391374,-0.391374
142,-0.414376,-0.414376,-0.414376
143,-0.437116,-0.437116,-0.437116
144,-0.45958,-0.45958,-0.45958
145,-0.481754,-0.481754,-0.481754
146,-0.503623,-0.503623,-0.503623
147,-0.525175,-0.525175,-0.525175
148,-0.546394,-0.546394,-0.546394
149,-0.567269,-0.567269,-0.567269
150,-0.587785,-0.587785,-0.587785
151,-0.60793,-0.60793,-0.60793
152,-0.627691,-0.627691,-0.627691
153,-0.647056,-0.647056,-0.647056
154,-0.666012,-0.666012,-0.666012
155,-0.684547,-0.684547,-0.684547
156,-0.70265,-0.70265,-0.70265
157,-0.720309,-0.720309,-0.720309
158,-0.737513,-0.737513,-0.737513
159,-0.754251,-0.754251,-0.754251
160,-0.770513,-0.770513,-0.770513
161,-0.786288,-0.786288,-0.786288
162,-0.801567,-0.801567,-0.801567
163,-0.816339,-0.816339,-0.816339
164,-0.830596,-0.830596,-0.830596
165,-0.844328,-0.844328,-0.844328
166,-0.857527,-0.857527,-0.857527
167,-0.870184,-0.870184,-0.870184
168,-0.882291,-0.882291,-0.882291
169,-0.893841,-0.893841,-0.893841
170,-0.904827,-0.904827,-0.904827
171,-0.915241,-0.915241,-0.915241
172,-0.925077,-0.925077,-0.925077
173,-0.934329,-0.934329,-0.934329
174,-0.942991,-0.942991,-0.942991
175,-0.951057,-0.951057,-0.951057
176,-0.958522,-0.958522,-0.958522
177,-0.965382,-0.965382,-0.965382
178,-0.971632,-0.971632,-0.971632
179,-0.977268,-0.977268,-0.977268
180,-0.982287,-0.982287,-0.982287
181,-0.986686,-0.986686,-0.986686
182,-0.990461,-0.990461,-0.990461
183,-0.993611,-0.993611,-0.993611
184,-0.996134,-0.996134,-0.996134
185,-0.998027,-0.998027,-0.998027
186,-0.999289,-0.999289,-0.999289
187,-0.999921,-0.999921,-0.999921
188,-0.999921,-0.999921,-0.999921
189,-0.999289,-0.999289,-0.999289
190,-0.998027,-0.998027,-0.998027
191,-0.996134,-0.996134,-0.996134
192,-0.993611,-0.993611,-0.993611
193,-0.990461,-0.990461,-0.990461
194,-0.986686,-0.986686,-0.986686
195,-0.982287,-0.982287,-0.982287
196,-0.977268,-0.977268,-0.977268
197,-0.971632,-0.971632,-0.971632
198,-0.965382,-0.965382,-0.965382
199,-0.958522,-0.958522,-0.958522
200,-0.951057,-0.951057,-0.951057
201,-0.942991,-0.942991,-0.942991
202,-0.934329,-0.934329,-0.934329
203,-0.925077,-0.925077,-0.925077
204,-0.915241,-0.915241,-0.915241
205,-0.904827,-0.904827,-0.904827
206,-0.893841,-0.893841,-0.893841
207,-0.882291,-0.882291,-0.882291
208,-0.870184,-0.870184,-0.870184
209,-0.857527,-0.857527,-0.857527
210,-0.844328,-0.844328,-0.844328
211,-0.830596,-0.830596,-0.830596
212,-0.816339,-0.816339,-0.816339
213,-0.801567,-0.801567,-0.801567
214,-0.786288,-0.786288,-0.786288
215,-0.770513,-0.770513,-0.770513
216,-0.754251,-0.754251,-0.754251
217,-0.737513,-0.737513,-0.737513
218,-0.720309,-0.720309,-0.720309
219,-0.70265,-0.70265,-0.70265
220,-0.684547,-0.684547,-0.684547
221,-0.666012,-0.666012,-0.666012
222,-0.647056,-0.647056,-0.647056
223,-0.627691,-0.627691,-0.627691
224,-0.60793,-0.60793,-0.60793
225,-0.587785,-0.587785,-0.587785
226,-0.567269,-0.567269,-0.567269
227,-0.546394,-0.546394,-0.546394
228,-0.525175,-0.525175,-0.525175
229,-0.503623,-0.503623,-0.503623
230,-0.481754,-0.481754,-0.481754
231,-0.45958,-0.45958,-0.45958
232,-0.437116,-0.437116,-0.437116
233,-0.414376,-0.414376,-0.414376
234,-0.391374,-0.391374,-0.391374
235,-0.368125,-0.368125,-0.368125
236,-0.344643,-0.344643,-0.344643
237,-0.320944,-0.320944,-0.320944
238,-0.297042,-0.297042,-0.297042
239,-0.272952,-0.272952,-0.272952
240,-0.24869,-0.24869,-0.24869
241,-0.224271,-0.224271,-0.224271
242,-0.19971,-0.19971,-0.19971
243,-0.175023,-0.175023,-0.175023
244,-0.150226,-0.150226,-0.150226
245,-0.125333,-0.125333,-0.125333
246,-0.100362,-0.100362,-0.100362
247,-0.0753268,-0.0753268,-0.0753268
248,-0.0502443,-0.0502443,-0.0502443
249,-0.0251301,-0.0251301,-0.0251301
250,-2.44929e-16,-2.44929e-16,-2.44929e-16
251,0,0,0
252,0,0,0
253,0,0,0
254,0,0,0
255,0,0,0
256,0,0,0
257,0,0,0
258,0,0,0
259,0,0,0
260,0,0,0
261,0,0,0
262,0,0,0
263,0,0,0
264,0,0,0
265,0,0,0
266,0,0,0
267,0,0,0
268,0,0,0
269,0,0,0
270,0,0,0
271,0,0,0
272,0,0,0
273,0,0,0
274,0,0,0
275,0,0,0
276,0,0,0
277,0,0,0
278,0,0,0
279,0,0,0
280,0,0,0
281,0,0,0
282,0,0,0
283,0,0,0
284,0,0,0
285,0,0,0
286,0,0,0
287,0,0,0
288,0,0,0
289,0,0,0
290,0,0,0
291,0,0,0
292,0,0,0
293,0,0,0
294,0,0,0
295,0,0,0
296,0,0,0
297,0,0,0
298,0,0,0
299,0,0,0
300,0,0,0
301,0,0,0
302,0,0,0
303,0,0,0
304,0,0,0
305,0,0,0
306,0,0,0
307,0,0,0
308,0,0,0
309,0,0,0
310,0,0,0
311,0,0,0
312,0,0,0
313,0,0,0
314,0,0,0
315,0,0,0
316,0,0,0
317,0,0,0
318,0,0,0
319,0,0,0
320,0,0,0
321,0,0,0
322,0,0,0
323,0,0,0
324,0,0,0
325,0,0,0
326,0,0,0
327,0,0,0
328,0,0,0
329,0,0,0
330,0,0,0
331,0,0,0
332,0,0,0
333,0,0,0
334,0,0,0
335,0,0,0
336,0.0251301,0.0251301,0.0251301
337,0.0502443,0.0502443,0.0502443
338,0.0753268,0.0753268,0.0753268
339,0.100362,0.100362,0.100362
340,0.125333,0.125333,0.125333
341,0.150226,0.150226,0.150226
342,0.175023,0.175023,0.175023
343,0.19971,0.19971,0.19971
344,0.224271,0.224271,0.224271
345,0.24869,0.24869,0.24869
346,0.272952,0.272952,0.272952
347,0.297042,0.297042,0.297042
348,0.320944,0.320944,0.320944
349,0.344643,0.344643,0.344643
350,0.368125,0.368125,0.368125
351,0.391374,0.391374,0.391374
352,0.414376,0.414376,0.414376
353,0.437116,0.437116,0.437116
354,0.45958,0.45958,0.45958
355,0.481754,0.481754,0.481754
356,0.503623,0.503623,0.503623
357,0.525175,0.525175,0.525175
358,0.546394,0.546394,0.546394
359,0.567269,0.567269,0.567269
360,0.587785,0.587785,0.587785
361,0.60793,0.60793,0.60793
362,0.627691,0.627691,0.627691
363,0.647056,0.647056,0.647056
364,0.666012,0.666012,0.666012
365,0.684547,0.684547,0.684547
366,0.70265,0.70265,0.70265
367,0.720309,0.720309,0.720309
368,0.737513,0.737513,0.737513
369,0.754251,0.754251,0.754251
370,0.770513,0.770513,0.770513
371,0.786288,0.786288,0.786288
372,0.801567,0.801567,0.801567
373,0.816339,0.816339,0.816339
374,0.830596,0.830596,0.830596
375,0.844328,0.844328,0.844328
376,0.857527,0.857527,0.857527
377,0.870184,0.870184,0.870184
378,0.882291,0.882291,0.882291
379,0.893841,0.893841,0.893841
380,0.904827,0.904827,0.904827
381,0.915241,0.915241,0.915241
382,0.925077,0.925077,0.925077
383,0.934329,0.934329,0.934329
384,0.942991,0.942991,0.942991
385,0.951057,0.951057,0.951057
386,0.958522,0.958522,0.958522
387,0.965382,0.965382,0.965382
388,0.971632,0.971632,0.971632
389,0.977268,0.977268,0.977268
390,0.982287,0.982287,0.982287
391,0.986686,0.986686,0.986686
392,0.990461,0.990461,0.990461
393,0.993611,0.993611,0.993611
394,0.996134,0.996134,0.996134
395,0.998027,0.998027,0.998027
396,0.999289,0.999289,0.999289
397,0.999921,0.999921,0.999921
398,0.999921,0.999921,0.999921
399,0.999289,0.999289,0.999289
400,0.998027,0.998027,0.998027
401,0.996134,0.996134,0.996134
402,0.993611,0.993611,0.993611
403,0.990461,0.990461,0.990461
404,0.986686,0.986686,0.986686
405,0.982287,0.982287,0.982287
406,0.977268,0.977268,0.977268
407,0.971632,0.971632,0.971632
408,0.965382,0.965382,0.965382
409,0.958522,0.958522,0.958522
410,0.951057,0.951057,0.951057
411,0.942991,0.942991,0.942991
412,0.934329,0.934329,0.934329
413,0.925077,0.925077,0.925077
414,0.915241,0.915241,0.915241
415,0.904827,0.904827,0.904827
416,0.893841,0.893841,0.893841
417,0.882291,0.882291,0.882291
418,0.870184,0.870184,0.870184
419,0.857527,0.857527,0.857527
420,0.844328,0.844328,0.844328
421,0.830596,0.830596,0.830596
422,0.816339,0.816339,0.816339
423,0.801567,0.801567,0.801567
424,0.786288,0.786288,0.786288
425,0.770513,0.770513,0.770513
426,0.754251,0.754251,0.754251
427,0.737513,0.737513,0.737513
428,0.720309,0.720309,0.720309
429,0.70265,0.70265,0.70265
430,0.684547,0.684547,0.684547
431,0.666012,0.666012,0.666012
432,0.647056,0.647056,0.647056
433,0.627691,0.627691,0.627691
434,0.60793,0.60793,0.60793
435,0.587785,0.587785,0.587785
436,0.567269,0.567269,0.567269
437,0.546394,0.546394,0.546394
438,0.525175,0.525175,0.525175
439,0.503623,0.503623,0.503623
440,0.481754,0.481754,0.481754
441,0.45958,0.45958,0.45958
442,0.437116,0.437116,0.437116
443,0.414376,0.414376,0.414376
444,0.391374,0.391374,0.391374
445,0.368125,0.368125,0.368125
446,0.344643,0.344643,0.344643
447,0.320944,0.320944,0.320944
448,0.297042,0.297042,0.297042
449,0.272952,0.272952,0.272952
450,0.24869,0.24869,0.24869
451,0.224271,0.224271,0.224271
452,0.19971,0.19971,0.19971
453,0.175023,0.175023,0.175023
454,0.150226,0.150226,0.150226
455,0.125333,0.125333,0.125333
456,0.100362,0.100362,0.100362
457,0.0753268,0.0753268,0.0753268
458,0.0502443,0.0502443,0.0502443
459,0.0251301,0.0251301,0.0251301
460,1.22465e-16,1.22465e-16,1.22465e-16
461,-0.0251301,-0.0251301,-0.0251301
462,-0.0502443,-0.0502443,-0.0502443
463,-0.0753268,-0.0753268,-0.0753268
464,-0.100362,-0.100362,-0.100362
465,-0.125333,-0.125333,-0.125333
466,-0.150226,-0.150226,-0.150226
467,-0.175023,-0.175023,-0.175023
468,-0.19971,-0.19971,-0.19971
469,-0.224271,-0.224271,-0.224271
470,-0.24869,-0.24869,-0.24869
471,-0.272952,-0.272952,-0.272952
472,-0.297042,-0.297042,-0.297042
473,-0.320944,-0.320944,-0.320944
474,-0.344643,-0.344643,-0.344643
475,-0.368125,-0.368125,-0.368125
476,-0.391374,-0.391374,-0.391374
477,-0.414376,-0.414376,-0.414376
478,-0.437116,-0.437116,-0.437116
479,-0.45958,-0.45958,-0.45958
480,-0.481754,-0.481754,-0.481754
481,-0.503623,-0.503623,-0.503623
482,-0.525175,-0.525175,-0.525175
483,-0.546394,-0.546394,-0.546394
484,-0.567269,-0.567269,-0.567269
485,-0.587785,-0.587785,-0.587785
486,-0.60793,-0.60793,-0.60793
487,-0.627691,-0.627691,-0.627691
488,-0.647056,-0.647056,-0.647056
489,-0.666012,-0.666012,-0.666012
490,-0.684547,-0.684547,-0.684547
491,-0.70265,-0.70265,-0.70265
492,-0.720309,-0.720309,-0.720309
493,-0.737513,-0.737513,-0.737513
494,-0.754251,-0.754251,-0.754251
495,-0.770513,-0.770513,-0.770513
496,-0.786288,-0.786288,-0.786288
497,-0.801567,-0.801567,-0.801567
498,-0.816339,-0.816339,-0.816339
499,-0.830596,-0.830596,-0.830596
500,-0.844328,-0.844328,-0.844328
501,-0.857527,-0.857527,-0.857527
502,-0.870184,-0.870184,-0.870184
503,-0.882291,-0.882291,-0.882291
504,-0.893841,-0.893841,-0.893841
505,-0.904827,-0.904827,-0.904827
506,-0.915241,-0.915241,-0.915241
507,-0.925077,-0.925077,-0.925077
508,-0.934329,-0.934329,-0.934329
509,-0.942991,-0.942991,-0.942991
510,-0.951057,-0.951057,-0.951057
511,-0.958522,-0.958522,-0.958522
512,-0.965382,-0.965382,-0.965382
513,-0.971632,-0.971632,-0.971632
514,-0.977268,-0.977268,-0.977268
515,-0.982287,-0.982287,-0.982287
516,-0.986686,-0.986686,-0.986686
517,-0.990461,-0.990461,-0.990461
518,-0.993611,-0.993611,-0.993611
519,-0.996134,-0.996134,-0.996134
520,-0.998027,-0.998027,-0.998027
521,-0.999289,-0.999289,-0.999289
522,-0.999921,-0.999921,-0.999921
523,-0.999921,-0.999921,-0.999921
524,-0.999289,-0.999289,-0.999289
525,-0.998027,-0.998027,-0.998027
526,-0.996134,-0.996134,-0.996134
527,-0.993611,-0.993611,-0.993611
528,-0.990461,-0.990461,-0.990461
529,-0.986686,-0.986686,-0.986686
530,-0.982287,-0.982287,-0.982287
531,-0.977268,-0.977268,-0.977268
532,-0.971632,-0.971632,-0.971632
533,-0.965382,-0.965382,-0.965382
534,-0.958522,-0.958522,-0.958522
535,-0.951057,-0.951057,-0.951057
536,-0.942991,-0.942991,-0.942991
537,-0.934329,-0.934329,-0.934329
538,-0.925077,-0.925077,-0.925077
539,-0.915241,-0.915241,-0.915241
540,-0.904827,-0.904827,-0.904827
541,-0.893841,-0.893841,-0.893841
542,-0.882291,-0.882291,-0.882291
543,-0.870184,-0.870184,-0.870184
544,-0.857527,-0.857527,-0.857527
545,-0.844328,-0.844328,-0.844328
546,-0.830596,-0.830596,-0.830596
547,-0.816339,-0.816339,-0.816339
548,-0.801567,-0.801567,-0.801567
549,-0.786288,-0.786288,-0.786288
550,-0.770513,-0.770513,-0.770513
551,-0.754251,-0.754251,-0.754251
552,-0.737513,-0.737513,-0.737513
553,-0.720309,-0.720309,-0.720309
554,-0.70265,-0.70265,-0.70265
555,-0.684547,-0.684547,-0.684547
556,-0.666012,-0.666012,-0.666012
557,-0.647056,-0.647056,-0.647056
558,-0.627691,-0.627691,-0.627691
559,-0.60793,-0.60793,-0.60793
560,-0.587785,-0.587785,-0.587785
561,-0.567269,-0.567269,-0.567269
562,-0.546394,-0.546394,-0.546394
563,-0.525175,-0.525175,-0.525175
564,-0.503623,-0.503623,-0.503623
565,-0.481754,-0.481754,-0.481754
566,-0.45958,-0.45958,-0.45958
567,-0.437116,-0.437116,-0.437116
568,-0.414376,-0.414376,-0.414376
569,-0.391374,-0.391374,-0.391374
570,-0.368125,-0.368125,-0.368125
571,-0.344643,-0.344643,-0.344643
572,-0.320944,-0.320944,-0.320944
573,-0.297042,-0.297042,-0.297042
574,-0.272952,-0.272952,-0.272952
575,-0.24869,-0.24869,-0.24869
576,-0.224271,-0.224271,-0.224271
577,-0.19971,-0.19971,-0.19971
578,-0.175023,-0.175023,-0.175023
579,-0.150226,-0.150226,-0.150226
580,-0.125333,-0.125333,-0.125333
581,-0.100362,-0.100362,-0.100362
582,-0.0753268,-0.0753268,-0.0753268
583,-0.0502443,-0.0502443,-0.0502443
584,-0.0251301,-0.0251301,-0.0251301
585,-2.44929e-16,-2.44929e-16,-2.44929e-16
586,0,0,0
587,0,0,0
588,0,0,0
589,0,0,0
590,0,0,0
591,0,0,0
592,0,0,0
593,0,0,0
594,0,0,0
595,0,0,0
596,0,0,0
597,0,0,0
598,0,0,0
599,0,0,0
600,0,0,0
601,0,0,0
602,0,0,0
603,0,0,0
604,0,0,0
605,0,0,0
606,0,0,0
607,0,0,0
608,0,0,0
609,0,0,0
610,0,0,0
611,0,0,0
612,0,0,0
613,0,0,0
614,0,0,0
615,0,0,0
616,0,0,0
617,0,0,0
618,0,0,0
619,0,0,0
620,0,0,0
621,0,0,0
622,0,0,0
623,0,0,0
624,0,0,0
625,0,0,0
626,0,0,0
627,0,0,0
628,0,0,0
629,0,0,0
630,0,0,0
631,0,0,0
632,0,0,0
633,0,0,0
634,0,0,0
635,0,0,0
636,0,0,0
637,0,0,0
638,0,0,0
639,0,0,0
640,0,0,0
641,0,0,0
642,0,0,0
643,0,0,0
644,0,0,0
645,0,0,0
646,0,0,0
647,0,0,0
648,0,0,0
649,0,0,0
650,0,0,0
651,0,0,0
652,0,0,0
653,0,0,0
654,0,0,0
655,0,0,0
656,0,0,0
657,0,0,0
658,0,0,0
659,0,0,0
660,0,0,0
661,0,0,0
662,0,0,0
663,0,0,0
664,0,0,0
665,0,0,0
666,0,0,0
667,0,0,0
668,0,0,0
669,0.0251301,0.0251301,0.0251301
670,0.0502443,0.0502443,0.0502443
671,0.0753268,0.0753268,0.0753268
672,0.100362,0.100362,0.100362
673,0.125333,0.125333,0.125333
674,0.150226,0.150226,0.150226
675,0.175023,0.175023,0.175023
676,0.19971,0.19971,0.19971
677,0.224271,0.224271,0.224271
678,0.24869,0.24869,0.24869
679,0.272952,0.272952,0.272952
680,0.297042,0.297042,0.297042
681,0.320944,0.320944,0.320944
682,0.344643,0.344643,0.344643
683,0.368125,0.368125,0.368125
684,0.391374,0.391374,0.391374
685,0.414376,0.414376,0.414376
686,0.437116,0.437116,0.437116
687,0.45958,0.45958,0.45958
688,0.481754,0.481754,0.481754
689,0.503623,0.503623,0.503623
690,0.525175,0.525175,0.525175
691,0.546394,0.546394,0.546394
692,0.567269,0.567269,0.567269
693,0.587785,0.587785,0.587785
694,0.60793,0.60793,0.60793
695,0.627691,0.627691,0.627691
696,0.647056,0.647056,0.647056
697,0.666012,0.666012,0.666012
698,0.684547,0.684547,0.684547
699,0.70265,0.70265,0.70265
700,0.720309,0.720309,0.720309
701,0.737513,0.737513,0.737513
702,0.754251,0.754251,0.754251
703,0.770513,0.770513,0.770513
704,0.786288,0.786288,0.786288
705,0.801567,0.801567,0.801567
706,0.816339,0.816339,0.816339
707,0.830596,0.830596,0.830596
708,0.844328,0.844328,0.844328
709,0.857527,0.857527,0.857527
710,0.870184,0.870184,0.870184
711,0.882291,0.882291,0.882291
712,0.893841,0.893841,0.893841
713,0.904827,0.904827,0.904827
714,0.915241,0.915241,0.915241
715,0.925077,0.925077,0.925077
716,0.934329,0.934329,0.934329
717,0.942991,0.942991,0.942991
718,0.951057,0.951057,0.951057
719,0.958522,0.958522,0.958522
720,0.965382,0.965382,0.965382
721,0.971632,0.971632,0.971632
722,0.977268,0.977268,0.977268
723,0.982287,0.982287,0.982287
724,0.986686,0.986686,0.986686
725,0.990461,0.990461,0.990461
726,0.993611,0.993611,0.993611
727,0.996134,0.996134,0.996134
728,0.998027,0.998027,0.998027
729,0.999289,0.999289,0.999289
730,0.999921,0.999921,0.999921
731,0.999921,0.999921,0.999921
732,0.999289,0.999289,0.999289
733,0.998027,0.998027,0.998027
734,0.996134,0.996134,0.996134
735,0.993611,0.993611,0.993611
736,0.990461,0.990461,0.990461
737,0.986686,0.986686,0.986686
738,0.982287,0.982287,0.982287
739,0.977268,0.977268,0.977268
740,0.971632,0.971632,0.971632
741,0.965382,0.965382,0.965382
742,0.958522,0.958522,0.958522
743,0.951057,0.951057,0.951057
744,0.942991,0.942991,0.942991
745,0.934329,0.934329,0.934329
746,0.925077,0.925077,0.925077
747,0.915241,0.915241,0.915241
748,0.904827,0.904827,0.904827
749,0.893841,0.893841,0.893841
750,0.882291,0.882291,0.882291
751,0.870184,0.870184,0.870184
752,0.857527,0.857527,0.857527
753,0.844328,0.844328,0.844328
754,0.830596,0.830596,0.830596
755,0.816339,0.816339,0.816339
756,0.801567,0.801567,0.801567
757,0.786288,0.786288,0.786288
758,0.770513,0.770513,0.770513
759,0.754251,0.754251,0.754251
760,0.737513,0.737513,0.737513
761,0.720309,0.720309,0.720309
762,0.70265,0.70265,0.70265
763,0.684547,0.684547,0.684547
764,0.666012,0.666012,0.666012
765,0.647056,0.647056,0.647056
766,0.627691,0.627691,0.627691
767,0.60793,0.60793,0.60793
768,0.587785,0.587785,0.587785
769,0.567269,0.567269,0.567269
770,0.546394,0.546394,0.546394
771,0.525175,0.525175,0.525175
772,0.503623,0.503623,0.503623
773,0.481754,0.481754,0.481754
774,0.45958,0.45958,0.45958
775,0.437116,0.437116,0.437116
776,0.414376,0.414376,0.414376
777,0.391374,0.391374,0.391374
778,0.368125,0.368125,0.368125
779,0.344643,0.344643,0.344643
780,0.320944,0.320944,0.320944
781,0.297042,0.297042,0.297042
782,0.272952,0.272952,0.272952
783,0.24869,0.24869,0.24869
784,0.224271,0.224271,0.224271
785,0.19971,0.19971,0.19971
786,0.175023,0.175023,0.175023
787,0.150226,0.150226,0.150226
788,0.125333,0.125333,0.125333
789,0.100362,0.100362,0.100362
790,0.0753268,0.0753268,0.0753268
791,0.0502443,0.0502443,0.0502443
792,0.0251301,0.0251301,0.0251301
793,1.22465e-16,1.22465e-16,1.22465e-16
794,-0.0251301,-0.0251301,-0.0251301
795,-0.0502443,-0.0502443,-0.0502443
796,-0.0753268,-0.0753268,-0.0753268
797,-0.100362,-0.100362,-0.100362
798,-0.125333,-0.125333,-0.125333
799,-0.150226,-0.150226,-0.150226
800,-0.175023,-0.175023,-0.175023
801,-0.19971,-0.19971,-0.19971
802,-0.224271,-0.224271,-0.224271
803,-0.24869,-0.24869,-0.24869
804,-0.272952,-0.272952,-0.272952
805,-0.297042,-0.297042,-0.297042
806,-0.320944,-0.320944,-0.320944
807,-0.344643,-0.344643,-0.344643
808,-0.368125,-0.368125,-0.368125
809,-0.391374,-0.391374,-0.391374
810,-0.414376,-0.414376,-0.414376
811,-0.437116,-0.437116,-0.437116
812,-0.45958,-0.45958,-0.45958
813,-0.481754,-0.481754,-0.481754
814,-0.503623,-0.503623,-0.503623
815,-0.525175,-0.525175,-0.525175
816,-0.546394,-0.546394,-0.546394
817,-0.567269,-0.567269,-0.567269
818,-0.587785,-0.587785,-0.587785
819,-0.60793,-0.60793,-0.60793
820,-0.627691,-0.627691,-0.627691
821,-0.647056,-0.647056,-0.647056
822,-0.666012,-0.666012,-0.666012
823,-0.684547,-0.684547,-0.684547
824,-0.70265,-0.70265,-0.70265
825,-0.720309,-0.720309,-0.720309
826,-0.737513,-0.737513,-0.737513
827,-0.754251,-0.754251,-0.754251
828,-0.770513,-0.770513,-0.770513
829,-0.786288,-0.786288,-0.786288
830,-0.801567,-0.801567,-0.801567
831,-0.816339,-0.816339,-0.816339
832,-0.830596,-0.830596,-0.830596
833,-0.844328,-0.844328,-0.844328
834,-0.857527,-0.857527,-0.857527
835,-0.870184,-0.870184,-0.870184
836,-0.882291,-0.882291,-0.882291
837,-0.893841,-0.893841,-0.893841
838,-0.904827,-0.904827,-0.904827
839,-0.915241,-0.915241,-0.915241
840,-0.925077,-0.925077,-0.925077
841,-0.934329,-0.934329,-0.934329
842,-0.942991,-0.942991,-0.942991
843,-0.951057,-0.951057,-0.951057
844,-0.958522,-0.958522,-0.958522
845,-0.965382,-0.965382,-0.965382
846,-0.971632,-0.971632,-0.971632
847,-0.977268,-0.977268,-0.977268
848,-0.982287,-0.982287,-0.982287
849,-0.986686,-0.986686,-0.986686
850,-0.990461,-0.990461,-0.990461
851,-0.993611,-0.993611,-0.993611
852,-0.996134,-0.996134,-0.996134
853,-0.998027,-0.998027,-0.998027
854,-0.999289,-0.999289,-0.999289
855,-0.999921,-0.999921,-0.999921
856,-0.999921,-0.999921,-0.999921
857,-0.999289,-0.999289,-0.999289
858,-0.998027,-0.998027,-0.998027
859,-0.996134,-0.996134,-0.996134
860,-0.993611,-0.993611,-0.993611
861,-0.990461,-0.990461,-0.990461
862,-0.986686,-0.986686,-0.986686
863,-0.982287,-0.982287,-0.982287
864,-0.977268,-0.977268,-0.977268
865,-0.971632,-0.971632,-0.971632
866,-0.965382,-0.965382,-0.965382
867,-0.958522,-0.958522,-0.958522
868,-0.951057,-0.951057,-0.951057
869,-0.942991,-0.942991,-0.942991
870,-0.934329,-0.934329,-0.934329
871,-0.925077,-0.925077,-0.925077
872,-0.915241,-0.915241,-0.915241
873,-0.904827,-0.904827,-0.904827
874,-0.893841,-0.893841,-0.893841
875,-0.882291,-0.882291,-0.882291
876,-0.870184,-0.870184,-0.870184
877,-0.857527,-0.857527,-0.857527
878,-0.844328,-0.844328,-0.844328
879,-0.830596,-0.830596,-0.830596
880,-0.816339,-0.816339,-0.816339
881,-0.801567,-0.801567,-0.801567
882,-0.786288,-0.786288,-0.786288
883,-0.770513,-0.770513,-0.770513
884,-0.754251,-0.754251,-0.754251
885,-0.737513,-0.737513,-0.737513
886,-0.720309,-0.720309,-0.720309
887,-0.70265,-0.70265,-0.70265
888,-0.684547,-0.684547,-0.684547
889,-0.666012,-0.666012,-0.666012
890,-0.647056,-0.647056,-0.647056
891,-0.627691,-0.627691,-0.627691
892,-0.60793,-0.60793,-0.60793
893,-0.587785,-0.587785,-0.587785
894,-0.567269,-0.567269,-0.567269
895,-0.546394,-0.546394,-0.546394
896,-0.525175,-0.525175,-0.525175
897,-0.503623,-0.503623,-0.503623
898,-0.481754,-0.481754,-0.481754
899,-0.45958,-0.45958,-0.45958
900,-0.437116,-0.437116,-0.437116
901,-0.414376,-0.414376,-0.414376
902,-0.391374,-0.391374,-0.391374
903,-0.368125,-0.368125,-0.368125
904,-0.344643,-0.344643,-0.344643
905,-0.320944,-0.320944,-0.320944
906,-0.297042,-0.297042,-0.297042
907,-0.272952,-0.272952,-0.272952
908,-0.24869,-0.24869,-0.24869
909,-0.224271,-0.224271,-0.224271
910,-0.19971,-0.19971,-0.19971
911,-0.175023,-0.175023,-0.175023
912,-0.150226,-0.150226,-0.150226
913,-0.125333,-0.125333,-0.125333
914,-0.100362,-0.100362,-0.100362
915,-0.0753268,-0.0753268,-0.0753268
916,-0.0502443,-0.0502443,-0.0502443
917,-0.0251301,-0.0251301,-0.0251301
918,-2.44929e-16,-2.44929e-16,-2.44929e-16
919,0,0,0
920,0,0,0
921,0,0,0
922,0,0,0
923,0,0,0
924,0,0,0
925,0,0,0
926,0,0,0
927,0,0,0
928,0,0,0
929,0,0,0
930,0,0,0
931,0,0,0
932,0,0,0
933,0,0,0
934,0,0,0
935,0,0,0
936,0,0,0
937,0,0,0
938,0,0,0
939,0,0,0
940,0,0,0
941,0,0,0
942,0,0,0
943,0,0,0
944,0,0,0
945,0,0,0
946,0,0,0
947,0,0,0
948,0,0,0
949,0,0,0
950,0,0,0
951,0,0,0
952,0,0,0
953,0,0,0
954,0,0,0
955,0,0,0
956,0,0,0
957,0,0,0
958,0,0,0
959,0,0,0
960,0,0,0
961,0,0,0
962,0,0,0
963,0,0,0
964,0,0,0
965,0,0,0
966,0,0,0
967,0,0,0
968,0,0,0
969,0,0,0
970,0,0,0
971,0,0,0
972,0,0,0
973,0,0,0
974,0,0,0
975,0,0,0
976,0,0,0
977,0,0,0
978,0,0,0
979,0,0,0
980,0,0,0
981,0,0,0
982,0,0,0
983,0,0,0
984,0,0,0
985,0,0,0
986,0,0,0
987,0,0,0
988,0,0,0
989,0,0,0
990,0,0,0
991,0,0,0
992,0,0,0
993,0,0,0
994,0,0,0
995,0,0,0
996,0,0,0
997,0,0,0
998,0,0,0
999,0,0,0
1000,0,0,0

0,0,0,0
1,0,7.67708e-153,0
2,0,3.85389e-150,-7.38109e-38
3,0,9.65414e-148,-3.58714e-37
4,0,1.60907e-145,6.12763e-37
5,0,2.00741e-143,1.53422e-36
6,0,1.99951e-141,-2.85823e-36
7,0,1.65639e-139,-4.76244e-36
8,0,1.17379e-137,1.07085e-35
9,0,7.26363e-136,1.2703e-35
10,0,3.98745e-134,-3.55291e-35
11,0,1.96611e-132,-3.0611e-35
12,0,8.79532e-131,1.0898e-34
13,0,3.59942e-129,6.78305e-35
14,0,1.35698e-127,-3.16399e-34
15,0,4.74078e-126,-1.38464e-34
16,0,1.5427e-124,8.82241e-34
17,0,4.69681e-123,2.57127e-34
18,0,1.34311e-121,-2.38608e-33
19,0,3.62e-120,-4.18438e-34
20,0,9.2244e-119,6.30357e-33
21,0,2.22844e-117,5.33986e-34
22,0,5.11662e-116,-1.63514e-32
23,0,1.1191e-114,-2.77601e-34
24,0,2.33644e-113,4.18098e-32
25,0,4.66509e-112,-1.21691e-33
26,0,8.92357e-111,-1.05684e-31
27,0,1.63788e-109,5.72121e-33
28,0,2.88892e-108,2.64618e-31
29,0,4.90331e-107,-1.54529e-32
30,0,8.01858e-106,-6.57147e-31
31,0,1.26496e-104,2.76553e-32
32,0,1.9271e-103,1.61951e-30
33,0,2.83813e-102,-8.72913e-33
34,0,4.04467e-101,-3.96044e-30
35,0,5.58284e-100,-2.03983e-31
36,0,7.47001e-99,9.60369e-30
37,0,9.69693e-98,1.23468e-30
38,0,1.22216e-96,-2.30616e-29
39,0,1.49664e-95,-5.21474e-30
40,0,1.78197e-94,5.47327e-29
41,0,2.06426e-93,1.88971e-29
42,0,2.32796e-92,-1.28041e-28
43,0,2.55736e-91,-6.25283e-29
44,0,2.73815e-90,2.9421e-28
45,0,2.85894e-89,1.94149e-28
46,0,2.91244e-88,-6.6086e-28
47,0,2.89619e-87,-5.73724e-28
48,0,2.81266e-86,1.44161e-27
49,0,2.66885e-85,1.62624e-27
50,0,2.47532e-84,-3.02453e-27
51,0,2.24502e-83,-4.44053e-27
52,0,1.99188e-82,6.00806e-27
53,0,1.72951e-81,1.17032e-26
54,0,1.47014e-80,-1.0978e-26
55,0,1.22384e-79,-2.97761e-26
56,0,9.98079e-79,1.72718e-26
57,0,7.97672e-78,7.30278e-26
58,0,6.2494e-77,-1.85504e-26
59,0,4.80107e-76,-1.72081e-25
60,0,3.61785e-75,-1.05237e-26
61,0,2.67485e-74,3.8735e-25
62,0,1.9409e-73,1.50172e-25
63,0,1.38253e-72,-8.2486e-25
64,0,9.67005e-72,-6.23804e-25
65,0,6.64308e-71,1.63356e-24
66,0,4.48334e-70,1.99686e-24
67,0,2.97321e-69,-2.90843e-24
68,0,1.93794e-68,-5.58068e-24
69,0,1.24177e-67,4.27956e-24
70,0,7.82378e-67,1.4142e-23
71,0,4.84795e-66,-3.63671e-24
72,0,2.95497e-65,-3.28508e-23
73,0,1.77208e-64,-6.2175e-24
74,0,1.04576e-63,6.96441e-23
75,0,6.07405e-63,4.52397e-23
76,0,3.47296e-62,-1.31862e-22
77,0,1.9551e-61,-1.61371e-22
78,0,1.08384e-60,2.10186e-22
79,0,5.91768e-60,4.55138e-22
80,0,3.18275e-59,-2.28691e-22
81,0,1.68649e-58,-1.10452e-21
82,0,8.80567e-58,-8.05113e-23
83,0,4.53108e-57,2.34321e-21
84,0,2.29807e-56,1.43997e-21
85,0,1.14897e-55,-4.24703e-21
86,0,5.66366e-55,-5.46719e-21
87,0,2.75288e-54,5.97984e-21
88,0,1.31958e-53,1.51416e-20
89,0,6.23872e-53,-3.8327e-21
90,0,2.90953e-52,-3.44947e-20
91,0,1.33866e-51,-1.28353e-20
92,0,6.07697e-51,6.51071e-20
93,0,2.72224e-50,6.79393e-20
94,0,1.20347e-49,-9.39757e-20
95,0,5.25124e-49,-2.03603e-19
96,0,2.2618e-48,6.36696e-20
97,0,9.6174e-48,4.68609e-19
98,0,4.03754e-47,1.83258e-19
99,0,1.67369e-46,-8.51193e-19
100,0,6.85137e-46,-9.71739e-19
101,0,2.7699e-45,1.08231e-18
102,0,1.10605e-44,2.78308e-18
103,0,4.3627e-44,-2.24397e-19
104,0,1.69996e-43,-5.89866e-18
105,0,6.54438e-43,-3.91251e-18
106,0,2.48932e-42,9.15989e-18
107,0,9.35645e-42,1.49717e-17
108,0,3.47535e-41,-7.17311e-18
109,0,1.27578e-40,-3.6085e-17
110,0,4.62894e-40,-1.3889e-17
111,0,1.66015e-39,6.20682e-17
112,0,5.88581e-39,7.82252e-17
113,0,2.06297e-38,-6.13212e-17
114,0,7.14891e-38,-2.08159e-16
115,0,2.4495e-37,-5.0864e-17
116,0,8.29923e-37,3.74056e-16
117,0,2.78068e-36,4.21399e-16
118,0,9.21396e-36,-3.81712e-16
119,0,3.01964e-35,-1.1717e-15
120,0,9.78823e-35,-2.77017e-16
121,0,3.1385e-34,2.07237e-15
122,0,9.95495e-34,2.41555e-15
123,0,3.12378e-33,-1.88217e-15
124,0,9.69777e-33,-6.47926e-15
125,0,2.97881e-32,-2.33344e-15
126,0,9.0535e-32,1.04797e-14
127,0,2.72283e-31,1.44892e-14
128,0,8.10359e-31,-6.51821e-15
129,0,2.38679e-30,-3.44261e-14
130,0,6.95751e-30,-2.09834e-14
131,0,2.00734e-29,4.581e-14
132,0,5.73242e-29,8.59874e-14
133,0,1.62042e-28,-1.70186e-15
134,0,4.53435e-28,-1.66528e-13
135,0,1.25609e-27,-1.67001e-13
136,0,3.4448e-27,1.45252e-13
137,0,9.35341e-27,4.68788e-13
138,0,2.51454e-26,2.16712e-13
139,0,6.69347e-26,-6.57364e-13
140,0,1.76428e-25,-1.11125e-12
141,0,4.605e-25,3.96698e-14
142,0,1.1903e-24,2.12889e-12
143,0,3.04694e-24,2.2588e-12
144,0,7.72461e-24,-1.47841e-12
145,0,1.9396e-23,-5.85286e-12
146,0,4.82377e-23,-3.82939e-12
147,0,1.18829e-22,6.50167e-12
148,0,2.89957e-22,1.44936e-11
149,0,7.00877e-22,4.70319e-12
150,0,1.67827e-21,-2.11629e-11
151,0,3.9812e-21,-3.3348e-11
152,0,9.3565e-21,-6.30673e-13
153,0,2.1786e-20,5.99802e-11
154,0,5.02599e-20,7.28777e-11
155,0,1.14885e-19,-2.07908e-11
156,0,2.60208e-19,-1.56819e-10
157,0,5.83993e-19,-1.5436e-10
158,0,1.29879e-18,9.1324e-11
159,0,2.86243e-18,3.89596e-10
160,0,6.25181e-18,3.24008e-10
161,0,1.35322e-17,-2.85264e-10
162,0,2.90295e-17,-9.36415e-10
163,0,6.17209e-17,-6.91111e-10
164,0,1.30065e-16,7.62472e-10
165,0,2.7167e-16,2.20193e-09
166,0,5.62457e-16,1.53414e-09
167,0,1.15429e-15,-1.83323e-09
168,0,2.34821e-15,-5.09394e-09
169,0,4.73549e-15,-3.59315e-09
170,0,9.46707e-15,4.00407e-09
171,0,1.8763e-14,1.15951e-08
172,0,3.68669e-14,8.84567e-09
173,0,7.18182e-14,-7.79485e-09
174,0,1.3871e-13,-2.58237e-08
175,0,2.65625e-13,-2.24428e-08
176,0,5.04352e-13,1.25892e-08
177,0,9.49539e-13,5.55927e-08
178,0,1.77264e-12,5.71251e-08
179,0,3.28147e-12,-1.23922e-08
180,0,6.02378e-12,-1.13324e-07
181,0,1.09657e-11,-1.41994e-07
182,0,1.97963e-11,-1.66318e-08
183,0,3.54422e-11,2.11106e-07
184,0,6.29306e-11,3.35979e-07
185,0,1.1082e-10,1.4662e-07
186,0,1.93556e-10,-3.33929e-07
187,0,3.353e-10,-7.36123e-07
188,0,5.76123e-10,-5.57774e-07
189,0,9.81889e-10,3.54275e-07
190,0,1.65992e-09,1.43693e-06
191,0,2.78359e-09,1.61633e-06
192,0,4.63046e-09,1.69777e-07
193,0,7.64116e-09,-2.31972e-06
194,0,1.2509e-08,-3.85885e-06
195,0,2.03154e-08,-2.32738e-06
196,0,3.27328e-08,2.44951e-06
197,0,5.23246e-08,7.5098e-06
198,0,8.29865e-08,8.03749e-06
199,0,1.30587e-07,1.06591e-06
200,0,2.03891e-07,-1.07757e-05
201,0,3.15873e-07,-1.89538e-05
202,0,4.85577e-07,-1.40085e-05
203,0,7.40709e-07,6.32432e-06
204,0,1.12123e-06,3.16966e-05
205,0,1.68428e-06,4.23483e-05
206,0,2.51083e-06,2.1815e-05
207,0,3.71468e-06,-2.76636e-05
208,0,5.45429e-06,-7.87415e-05
209,0,7.94847e-06,-9.03855e-05
210,0,1.14967e-05,-3.49085e-05
211,0,1.65052e-05,7.46985e-05
212,0,2.35202e-05,0.000178115
213,0,3.327e-05,0.000194268
214,0,4.67165e-05,7.32028e-05
215,0,6.51194e-05,-0.000155729
216,0,9.01137e-05,-0.000374904
217,0,0.000123802,-0.000427732
218,0,0.000168866,-0.00021107
219,0,0.000228691,0.000237632
220,0,0.000307516,0.000716837
221,0,0.000410601,0.000934267
222,0,0.000544409,0.000658286
223,0,0.000716809,-0.000123752
224,0,0.000937297,-0.00113206
225,0,0.00121722,-0.00186893
226,0,0.00157,-0.00183374
227,0,0.00201139,-0.000792308
228,0,0.00255965,0.00103129
229,0,0.00323578,0.00295439
230,0,0.00406367,0.00406252
231,0,0.00507022,0.00359235
232,0,0.00628539,0.0013151
233,0,0.00774218,-0.00225381
234,0,0.00947658,-0.00593418
235,0,0.0115273,-0.00824937
236,0,0.0139356,-0.00796158
237,0,0.0167448,-0.00457656
238,0,0.0199998,0.00137698
239,0,0.0237464,0.00840776
240,0,0.0280309,0.0144532
241,0,0.0328988,0.0174747
242,0,0.0383946,0.0160635
243,0,0.0445602,0.0098666
244,0,0.0514347,-0.000285583
245,0,0.059053,-0.0125706
246,0,0.0674451,-0.0246028
247,0,0.0766355,-0.0339612
248,0,0.086642,-0.0386672
249,0,0.0974759,-0.0374998
250,0,0.109141,-0.0301001
251,0.0251301,0.121633,-0.0168798
252,0.0502443,0.134941,0.00120377
253,0.0753268,0.149046,0.022925
254,0.100362,0.163922,0.0470451
255,0.125333,0.179535,0.0724972
256,0.150226,0.195845,0.0984827
257,0.175023,0.212808,0.124487
258,0.19971,0.230374,0.150238
259,0.224271,0.248488,0.175638
260,0.24869,0.267094,0.200693
261,0.272952,0.286132,0.225454
262,0.297042,0.305543,0.249975
263,0.320944,0.325265,0.274295
264,0.344643,0.345237,0.298435
265,0.368125,0.365402,0.322397
266,0.391374,0.3857,0.346168
267,0.414376,0.406077,0.369731
268,0.437116,0.42648,0.393069
269,0.45958,0.44686,0.416161
270,0.481754,0.467169,0.438991
271,0.503623,0.487364,0.461544
272,0.525175,0.507405,0.483804
273,0.546394,0.527255,0.505759
274,0.567269,0.54688,0.527393
275,0.587785,0.566249,0.548694
276,0.60793,0.585334,0.569649
277,0.627691,0.60411,0.590244
278,0.647056,0.622553,0.610466
279,0.666012,0.640641,0.630302
280,0.684547,0.658356,0.64974
281,0.70265,0.675679,0.668768
282,0.720309,0.692595,0.687374
283,0.737513,0.709088,0.705545
284,0.754251,0.725144,0.723271
285,0.770513,0.740752,0.74054
286,0.786288,0.755898,0.757341
287,0.801567,0.770571,0.773664
288,0.816339,0.784762,0.789498
289,0.830596,0.79846,0.804834
290,0.844328,0.811655,0.819661
291,0.857527,0.824339,0.83397
292,0.870184,0.836504,0.847753
293,0.882291,0.848141,0.861
294,0.893841,0.859243,0.873704
295,0.904827,0.869803,0.885855
296,0.915241,0.879813,0.897447
297,0.925077,0.889268,0.908472
298,0.934329,0.898161,0.918924
299,0.942991,0.906487,0.928795
300,0.951057,0.914241,0.938079
301,0.958522,0.921417,0.946771
302,0.965382,0.928012,0.954865
303,0.971632,0.93402,0.962355
304,0.977268,0.939438,0.969238
305,0.982287,0.944263,0.975509
306,0.986686,0.948491,0.981163
307,0.990461,0.95212,0.986198
308,0.993611,0.955148,0.99061
309,0.996134,0.957573,0.994396
310,0.998027,0.959393,0.997554
311,0.999289,0.960607,1.00008
312,0.999921,0.961214,1.00198
313,0.999921,0.961214,1.00324
314,0.999289,0.960607,1.00387
315,0.998027,0.959393,1.00387
316,0.996134,0.957573,1.00323
317,0.993611,0.955148,1.00196
318,0.990461,0.95212,1.00005
319,0.986686,0.948491,0.997516
320,0.982287,0.944263,0.994349
321,0.977268,0.939438,0.990557
322,0.971632,0.93402,0.986131
323,0.965382,0.928011,0.981099
324,0.958522,0.921417,0.975412
325,0.951057,0.914241,0.969187
326,0.942991,0.906487,0.962178
327,0.934329,0.898161,0.954936
328,0.925077,0.889267,0.946274
329,0.915241,0.879812,0.938798
330,0.904827,0.869801,0.926833
331,0.893841,0.859241,0.922787
332,0.882291,0.848137,0.899607
333,0.870184,0.836499,0.916302
334,0.857527,0.824332,0.844293
335,0,0.811644,0.963678
336,0,0.798443,0.970103
337,0,0.784739,0.958491
338,0,0.770538,0.943571
339,0,0.755851,0.927636
340,0,0.740686,0.91105
341,0,0.725054,0.893879
342,0,0.708964,0.876141
343,0,0.692426,0.85785
344,0,0.67545,0.839017
345,0,0.658048,0.819654
346,0,0.64023,0.799773
347,0,0.622008,0.779387
348,0,0.603393,0.758509
349,0,0.584397,0.737152
350,0,0.565032,0.715329
351,0,0.54531,0.693054
352,0,0.525243,0.670341
353,0,0.504845,0.647206
354,0,0.484128,0.623661
355,0,0.463105,0.599722
356,0,0.441789,0.575405
357,0,0.420195,0.550724
358,0,0.398335,0.525695
359,0,0.376223,0.500335
360,0,0.353874,0.474658
361,0,0.331302,0.448681
362,0,0.30852,0.422421
363,0,0.285543,0.395895
364,0,0.262386,0.369118
365,0,0.239063,0.342108
366,0,0.215589,0.314882
367,0,0.191979,0.287457
368,0,0.168248,0.259851
369,0,0.14441,0.23208
370,0,0.120482,0.204163
371,0,0.0964767,0.176117
372,0,0.0724109,0.147959
373,0,0.0482993,0.119708
374,0,0.0241573,0.091382
375,0,0,0.0629979
376,0,-0.0241573,0.0345739
377,0,-0.0482993,0.00612811
378,0,-0.0724109,-0.0223216
379,0,-0.0964767,-0.0507571
380,0,-0.120482,-0.0791606
381,0,-0.14441,-0.107514
382,0,-0.168248,-0.1358
383,0,-0.191979,-0.164
384,0,-0.215589,-0.192096
385,0,-0.239063,-0.220071
386,0,-0.262386,-0.247907
387,0,-0.285543,-0.275586
388,0,-0.30852,-0.303091
389,0,-0.331302,-0.330405
390,0,-0.353874,-0.35751
391,0,-0.376223,-0.384389
392,0,-0.398335,-0.411026
393,0,-0.420195,-0.437403
394,0,-0.441789,-0.463504
395,0,-0.463105,-0.489311
396,0,-0.484128,-0.51481
397,0,-0.504845,-0.539984
398,0,-0.525243,-0.564816
399,0,-0.54531,-0.589292
400,0,-0.565032,-0.613396
401,0,-0.584397,-0.637112
402,0,-0.603393,-0.660426
403,0,-0.622008,-0.683323
404,0,-0.64023,-0.705788
405,0,-0.658048,-0.727807
406,0,-0.67545,-0.749366
407,0,-0.692426,-0.770453
408,0,-0.708964,-0.791052
409,0,-0.725054,-0.811152
410,0,-0.740686,-0.83074
411,0,-0.755851,-0.849803
412,0,-0.770538,-0.868329
413,0,-0.784739,-0.886307
414,0,-0.798443,-0.903724
415,0,-0.811644,-0.920572
416,0,-0.824332,-0.936837
417,0,-0.836499,-0.952511
418,0,-0.848137,-0.967583
419,0,-0.859241,-0.982044
420,0,-0.869801,-0.995885
421,0,-0.879812,-1.0091
422,0,-0.889267,-1.02167
423,0,-0.898161,-1.0336
424,0,-0.906487,-1.04488
425,0,-0.914241,-1.05549
426,0,-0.921417,-1.06544
427,0,-0.928011,-1.07472
428,0,-0.93402,-1.08332
429,0,-0.939438,-1.09123
430,0,-0.944263,-1.09846
431,0,-0.948491,-1.10499
432,0,-0.95212,-1.11082
433,0,-0.955148,-1.11595
434,0,-0.957573,-1.12038
435,0,-0.959393,-1.12409
436,0,-0.960607,-1.1271
437,0,-0.961214,-1.1294
438,0,-0.961214,-1.13098
439,0,-0.960607,-1.13185
440,0,-0.959393,-1.13201
441,0,-0.957573,-1.13145
442,0,-0.955148,-1.13017
443,0,-0.95212,-1.12818
444,0,-0.948491,-1.12547
445,0,-0.944263,-1.12206
446,0,-0.939438,-1.11794
447,0,-0.93402,-1.11312
448,0,-0.928012,-1.10759
449,0,-0.921417,-1.10136
450,0,-0.914241,-1.09442
451,0,-0.906487,-1.08679
452,0,-0.898161,-1.07849
453,0,-0.889268,-1.06952
454,0,-0.879813,-1.05989
455,0,-0.869803,-1.04957
456,0,-0.859243,-1.03857
457,0,-0.848141,-1.02688
458,0,-0.836504,-1.01452
459,0,-0.824339,-1.00156
460,0,-0.811655,-0.988028
461,0,-0.79846,-0.973935
462,0,-0.784762,-0.95924
463,0,-0.770571,-0.943868
464,0,-0.755898,-0.927767
465,0,-0.740752,-0.910953
466,0,-0.725144,-0.893539
467,0,-0.709088,-0.875695
468,0,-0.692595,-0.857558
469,0,-0.675679,-0.839142
470,0,-0.658356,-0.820288
471,0,-0.640641,-0.800718
472,0,-0.622553,-0.780175
473,0,-0.60411,-0.758596
474,0,-0.585334,-0.736214
475,0,-0.566249,-0.713521
476,0,-0.54688,-0.691071
477,0,-0.527255,-0.669205
478,0,-0.507405,-0.647823
479,0,-0.487364,-0.626326
480,0,-0.467169,-0.6038
481,0,-0.44686,-0.579395
482,0,-0.42648,-0.552733
483,0,-0.406077,-0.52419
484,0,-0.3857,-0.494883
485,0,-0.365402,-0.466351
486,0,-0.345237,-0.440019
487,0,-0.325265,-0.416634
488,0,-0.305543,-0.395909
489,0,-0.286132,-0.376487
490,0,-0.267094,-0.356288
491,0,-0.248488,-0.333099
492,0,-0.230374,-0.305232
493,0,-0.212808,-0.272044
494,0,-0.195845,-0.234153
495,0,-0.179535,-0.193313
496,0,-0.163922,-0.152016
497,0,-0.149046,-0.112935
498,0,-0.134941,-0.078389
499,0,-0.121633,-0.04995
500,0,-0.109141,-0.0282722
501,0,-0.0974759,-0.0131363
502,0,-0.086642,-0.00365883
503,0,-0.0766355,0.00141856
504,0,-0.0674451,0.00344239
505,0,-0.059053,0.00362424
506,0,-0.0514347,0.00290928
507,0,-0.0445602,0.00193549
508,0,-0.0383946,0.00106167
509,0,-0.0328988,0.000434178
510,0,-0.0280309,6.43553e-05
511,0,-0.0237464,-0.000103474
512,0,-0.0199998,-0.000143325
513,0,-0.0167448,-0.000119705
514,0,-0.0139356,-7.66906e-05
515,0,-0.0115273,-3.79309e-05
516,0,-0.00947658,-1.19148e-05
517,0,-0.00774218,1.60606e-06
518,0,-0.00628539,6.34924e-06
519,0,-0.00507022,6.25098e-06
520,0,-0.00406367,4.1364e-06
521,0,-0.00323578,1.68227e-06
522,0,-0.00255965,-1.34164e-07
523,0,-0.00201139,-7.5222e-07
524,0,-0.00157,-1.30332e-07
525,0,-0.00121722,1.04548e-06
526,0,-0.000937295,1.55249e-06
527,0,-0.000716805,4.42391e-07
528,0,-0.000544401,-1.96157e-06
529,0,-0.000410589,-3.80078e-06
530,0,-0.000307496,-2.80431e-06
531,0,-0.000228658,1.62558e-06
532,0,-0.000168813,6.95549e-06
533,0,-0.000123719,8.41562e-06
534,0,-8.99831e-05,2.49591e-06
535,0,-6.49156e-05,-9.07234e-06
536,0,-4.64006e-05,-1.83619e-05
537,0,-3.27844e-05,-1.55741e-05
538,0,-2.27795e-05,2.93967e-06
539,0,-1.53839e-05,2.85179e-05
540,0,-9.81241e-06,4.21091e-05
541,0,-5.43764e-06,2.60192e-05
542,0,-1.73961e-06,-2.04368e-05
543,0,1.73961e-06,-7.28688e-05
544,0,5.43764e-06,-9.09633e-05
545,0,9.81241e-06,-4.4175e-05
546,0,1.53839e-05,6.00671e-05
547,0,2.27795e-05,0.000166584
548,0,3.27844e-05,0.000195231
549,0,4.64006e-05,9.07698e-05
550,0,6.49156e-05,-0.000127272
551,0,8.99831e-05,-0.000350455
552,0,0.000123719,-0.000424565
553,0,0.000168813,-0.000238604
554,0,0.000228658,0.000185958
555,0,0.000307496,0.000664112
556,0,0.000410589,0.00091103
557,0,0.000544401,0.000686985
558,0,0.000716805,-4.32924e-05
559,0,0.000937295,-0.00102797
560,0,0.00121722,-0.00178887
561,0,0.00157,-0.00182482
562,0,0.00201139,-0.0008776
563,0,0.00255965,0.000868411
564,0,0.00323578,0.00276969
565,0,0.00406367,0.0039325
566,0,0.00507022,0.00358425
567,0,0.00628539,0.00145762
568,0,0.00774218,-0.00198693
569,0,0.00947658,-0.0056201
570,0,0.0115273,-0.00799243
571,0,0.0139356,-0.00785843
572,0,0.0167448,-0.00468289
573,0,0.0199998,0.00106629
574,0,0.0237464,0.00795869
575,0,0.0280309,0.0139735
576,0,0.0328988,0.0170833
577,0,0.0383946,0.0158584
578,0,0.0445602,0.00990181
579,0,0.0514347,-9.31635e-06
580,0,0.059053,-0.0120998
581,0,0.0674451,-0.0240145
582,0,0.0766355,-0.0333415
583,0,0.086642,-0.0380919
584,0,0.0974759,-0.0370217
585,0,0.109141,-0.0297442
586,0.0251301,0.121633,-0.0166457
587,0.0502443,0.134941,0.00133432
588,0.0753268,0.149046,0.0229792
589,0.100362,0.163922,0.0470512
590,0.125333,0.179535,0.0724791
591,0.150226,0.195845,0.0984573
592,0.175023,0.212808,0.124464
593,0.19971,0.230374,0.150221
594,0.224271,0.248488,0.175629
595,0.24869,0.267094,0.20069
596,0.272952,0.286132,0.225453
597,0.297042,0.305543,0.249975
598,0.320944,0.325265,0.274297
599,0.344643,0.345237,0.298437
600,0.368125,0.365402,0.322397
601,0.391374,0.3857,0.346168
602,0.414376,0.406077,0.369731
603,0.437116,0.42648,0.393068
604,0.45958,0.44686,0.416161
605,0.481754,0.467169,0.438991
606,0.503623,0.487364,0.461544
607,0.525175,0.507405,0.483804
608,0.546394,0.527255,0.505759
609,0.567269,0.54688,0.527393
610,0.587785,0.566249,0.548694
611,0.60793,0.585334,0.569649
612,0.627691,0.60411,0.590244
613,0.647056,0.622553,0.610466
614,0.666012,0.640641,0.630302
615,0.684547,0.658356,0.64974
616,0.70265,0.675679,0.668768
617,0.720309,0.692595,0.687374
618,0.737513,0.709088,0.705545
619,0.754251,0.725144,0.723271
620,0.770513,0.740752,0.74054
621,0.786288,0.755898,0.757341
622,0.801567,0.770571,0.773664
623,0.816339,0.784762,0.789498
624,0.830596,0.79846,0.804834
625,0.844328,0.811655,0.819661
626,0.857527,0.824339,0.83397
627,0.870184,0.836504,0.847753
628,0.882291,0.848141,0.861
629,0.893841,0.859243,0.873704
630,0.904827,0.869803,0.885855
631,0.915241,0.879813,0.897447
632,0.925077,0.889268,0.908472
633,0.934329,0.898161,0.918924
634,0.942991,0.906487,0.928795
635,0.951057,0.914241,0.938079
636,0.958522,0.921417,0.946771
637,0.965382,0.928012,0.954865
638,0.971632,0.93402,0.962355
639,0.977268,0.939438,0.969238
640,0.982287,0.944263,0.975509
641,0.986686,0.948491,0.981163
642,0.990461,0.95212,0.986198
643,0.993611,0.955148,0.99061
644,0.996134,0.957573,0.994396
645,0.998027,0.959393,0.997554
646,0.999289,0.960607,1.00008
647,0.999921,0.961214,1.00198
648,0.999921,0.961214,1.00324
649,0.999289,0.960607,1.00387
650,0.998027,0.959393,1.00387
651,0.996134,0.957573,1.00323
652,0.993611,0.955148,1.00196
653,0.990461,0.95212,1.00005
654,0.986686,0.948491,0.997518
655,0.982287,0.944263,0.994346
656,0.977268,0.939438,0.990563
657,0.971632,0.93402,0.986117
658,0.965382,0.928011,0.98113
659,0.958522,0.921417,0.975345
660,0.951057,0.914241,0.969332
661,0.942991,0.906487,0.961861
662,0.934329,0.898161,0.955627
663,0.925077,0.889267,0.944768
664,0.915241,0.879812,0.942076
665,0.904827,0.869801,0.919699
666,0.893841,0.859241,0.938305
667,0.882291,0.848137,0.865867
668,0,0.836499,0.989627
669,0,0.824332,0.997784
670,0,0.811644,0.987483
671,0,0.798443,0.973795
672,0,0.784739,0.959064
673,0,0.770538,0.94366
674,0,0.755851,0.92765
675,0,0.740686,0.911052
676,0,0.725054,0.893879
677,0,0.708964,0.876141
678,0,0.692426,0.85785
679,0,0.67545,0.839017
680,0,0.658048,0.819654
681,0,0.64023,0.799773
682,0,0.622008,0.779387
683,0,0.603393,0.758509
684,0,0.584397,0.737152
685,0,0.565032,0.715329
686,0,0.54531,0.693054
687,0,0.525243,0.670341
688,0,0.504845,0.647206
689,0,0.484128,0.623661
690,0,0.463105,0.599722
691,0,0.441789,0.575405
692,0,0.420195,0.550724
693,0,0.398335,0.525695
694,0,0.376223,0.500335
695,0,0.353874,0.474658
696,0,0.331302,0.448681
697,0,0.30852,0.422421
698,0,0.285543,0.395895
699,0,0.262386,0.369118
700,0,0.239063,0.342108
701,0,0.215589,0.314882
702,0,0.191979,0.287457
703,0,0.168248,0.259851
704,0,0.14441,0.23208
705,0,0.120482,0.204163
706,0,0.0964767,0.176117
707,0,0.0724109,0.147959
708,0,0.0482993,0.119708
709,0,0.0241573,0.091382
710,0,0,0.0629979
711,0,-0.0241573,0.0345739
712,0,-0.0482993,0.00612811
713,0,-0.0724109,-0.0223216
714,0,-0.0964767,-0.0507571
715,0,-0.120482,-0.0791606
716,0,-0.14441,-0.107514
717,0,-0.168248,-0.1358
718,0,-0.191979,-0.164
719,0,-0.215589,-0.192096
720,0,-0.239063,-0.220071
721,0,-0.262386,-0.247907
722,0,-0.285543,-0.275586
723,0,-0.30852,-0.303091
724,0,-0.331302,-0.330405
725,0,-0.353874,-0.35751
726,0,-0.376223,-0.384389
727,0,-0.398335,-0.411026
728,0,-0.420195,-0.437403
729,0,-0.441789,-0.463504
730,0,-0.463105,-0.489311
731,0,-0.484128,-0.51481
732,0,-0.504845,-0.539984
733,0,-0.525243,-0.564816
734,0,-0.54531,-0.589292
735,0,-0.565032,-0.613396
736,0,-0.584397,-0.637112
737,0,-0.603393,-0.660426
738,0,-0.622008,-0.683323
739,0,-0.64023,-0.705788
740,0,-0.658048,-0.727807
741,0,-0.67545,-0.749366
742,0,-0.692426,-0.770453
743,0,-0.708964,-0.791052
744,0,-0.725054,-0.811152
745,0,-0.740686,-0.83074
746,0,-0.755851,-0.849803
747,0,-0.770538,-0.868329
748,0,-0.784739,-0.886307
749,0,-0.798443,-0.903724
750,0,-0.811644,-0.920572
751,0,-0.824332,-0.936837
752,0,-0.836499,-0.952511
753,0,-0.848137,-0.967583
754,0,-0.859241,-0.982044
755,0,-0.869801,-0.995885
756,0,-0.879812,-1.0091
757,0,-0.889267,-1.02167
758,0,-0.898161,-1.0336
759,0,-0.906487,-1.04488
760,0,-0.914241,-1.05549
761,0,-0.921417,-1.06544
762,0,-0.928011,-1.07472
763,0,-0.93402,-1.08332
764,0,-0.939438,-1.09123
765,0,-0.944263,-1.09846
766,0,-0.948491,-1.10499
767,0,-0.95212,-1.11082
768,0,-0.955148,-1.11595
769,0,-0.957573,-1.12038
770,0,-0.959393,-1.12409
771,0,-0.960607,-1.1271
772,0,-0.961214,-1.1294
773,0,-0.961214,-1.13098
774,0,-0.960607,-1.13185
775,0,-0.959393,-1.13201
776,0,-0.957573,-1.13145
777,0,-0.955148,-1.13017
778,0,-0.95212,-1.12818
779,0,-0.948491,-1.12547
780,0,-0.944263,-1.12206
781,0,-0.939438,-1.11794
782,0,-0.93402,-1.11312
783,0,-0.928012,-1.10759
784,0,-0.921417,-1.10136
785,0,-0.914241,-1.09442
786,0,-0.906487,-1.08679
787,0,-0.898161,-1.07849
788,0,-0.889268,-1.06952
789,0,-0.879813,-1.05989
790,0,-0.869803,-1.04957
791,0,-0.859243,-1.03857
792,0,-0.848141,-1.02688
793,0,-0.836504,-1.01452
794,0,-0.824339,-1.00156
795,0,-0.811655,-0.988028
796,0,-0.79846,-0.973935
797,0,-0.784762,-0.95924
798,0,-0.770571,-0.943868
799,0,-0.755898,-0.927767
800,0,-0.740752,-0.910953
801,0,-0.725144,-0.893539
802,0,-0.709088,-0.875695
803,0,-0.692595,-0.857558
804,0,-0.675679,-0.839142
805,0,-0.658356,-0.820288
806,0,-0.640641,-0.800718
807,0,-0.622553,-0.780175
808,0,-0.60411,-0.758596
809,0,-0.585334,-0.736214
810,0,-0.566249,-0.713521
811,0,-0.54688,-0.691071
812,0,-0.527255,-0.669205
813,0,-0.507405,-0.647823
814,0,-0.487364,-0.626326
815,0,-0.467169,-0.6038
816,0,-0.44686,-0.579395
817,0,-0.42648,-0.552733
818,0,-0.406077,-0.52419
819,0,-0.3857,-0.494883
820,0,-0.365402,-0.466351
821,0,-0.345237,-0.440019
822,0,-0.325265,-0.416634
823,0,-0.305543,-0.395909
824,0,-0.286132,-0.376487
825,0,-0.267094,-0.356288
826,0,-0.248488,-0.333099
827,0,-0.230374,-0.305232
828,0,-0.212808,-0.272044
829,0,-0.195845,-0.234153
830,0,-0.179535,-0.193313
831,0,-0.163922,-0.152016
832,0,-0.149046,-0.112935
833,0,-0.134941,-0.078389
834,0,-0.121633,-0.04995
835,0,-0.109141,-0.0282722
836,0,-0.0974759,-0.0131363
837,0,-0.086642,-0.00365883
838,0,-0.0766355,0.00141857
839,0,-0.0674451,0.00344241
840,0,-0.059053,0.00362425
841,0,-0.0514347,0.00290926
842,0,-0.0445602,0.00193546
843,0,-0.0383946,0.00106165
844,0,-0.0328988,0.000434207
845,0,-0.0280309,6.44338e-05
846,0,-0.0237464,-0.000103413
847,0,-0.0199998,-0.000143371
848,0,-0.0167448,-0.000119871
849,0,-0.0139356,-7.68489e-05
850,0,-0.0115273,-3.78831e-05
851,0,-0.00947658,-1.1586e-05
852,0,-0.00774218,2.00123e-06
853,0,-0.00628539,6.38489e-06
854,0,-0.00507022,5.66002e-06
855,0,-0.00406367,3.21239e-06
856,0,-0.00323578,1.27434e-06
857,0,-0.00255965,7.47626e-07
858,0,-0.00201138,1.21672e-06
859,0,-0.00157,1.41471e-06
860,0,-0.00121721,2.43935e-07
861,0,-0.00093729,-2.11134e-06
862,0,-0.000716797,-3.88044e-06
863,0,-0.000544389,-2.83133e-06
864,0,-0.000410569,1.62621e-06
865,0,-0.000307464,6.96512e-06
866,0,-0.000228608,8.42463e-06
867,0,-0.000168735,2.50129e-06
868,0,-0.000123598,-9.07019e-06
869,0,-8.97978e-05,-1.83616e-05
870,0,-6.46339e-05,-1.55745e-05
871,0,-4.59758e-05,2.93918e-06
872,0,-3.21488e-05,2.85176e-05
873,0,-2.18359e-05,4.2109e-05
874,0,-1.39943e-05,2.60192e-05
875,0,-7.78201e-06,-2.04368e-05
876,0,-2.49418e-06,-7.28688e-05
877,0,2.49418e-06,-9.09633e-05
878,0,7.78201e-06,-4.4175e-05
879,0,1.39943e-05,6.00671e-05
880,0,2.18359e-05,0.000166584
881,0,3.21488e-05,0.000195231
882,0,4.59758e-05,9.07698e-05
883,0,6.46339e-05,-0.000127272
884,0,8.97978e-05,-0.000350455
885,0,0.000123598,-0.000424565
886,0,0.000168735,-0.000238604
887,0,0.000228608,0.000185958
888,0,0.000307464,0.000664112
889,0,0.000410569,0.00091103
890,0,0.000544389,0.000686985
891,0,0.000716797,-4.32924e-05
892,0,0.00093729,-0.00102797
893,0,0.00121721,-0.00178887
894,0,0.00157,-0.00182482
895,0,0.00201138,-0.0008776
896,0,0.00255965,0.000868411
897,0,0.00323578,0.00276969
898,0,0.00406367,0.0039325
899,0,0.00507022,0.00358425
900,0,0.00628539,0.00145762
901,0,0.00774218,-0.00198693
902,0,0.00947658,-0.0056201
903,0,0.0115273,-0.00799243
904,0,0.0139356,-0.00785843
905,0,0.0167448,-0.00468289
906,0,0.0199998,0.00106629
907,0,0.0237464,0.00795869
908,0,0.0280309,0.0139735
909,0,0.0328988,0.0170833
910,0,0.0383946,0.0158584
911,0,0.0445602,0.00990181
912,0,0.0514347,-9.31635e-06
913,0,0.059053,-0.0120998
914,0,0.0674451,-0.0240145
915,0,0.0766355,-0.0333415
916,0,0.086642,-0.0380919
917,0,0.0974759,-0.0370217
918,0,0.109141,-0.0297442
919,0.0251301,0.121633,-0.0166457
920,0.0502443,0.134941,0.00133432
921,0.0753268,0.149046,0.0229792
922,0.100362,0.163922,0.0470512
923,0.125333,0.179535,0.0724791
924,0.150226,0.195845,0.0984573
925,0.175023,0.212808,0.124464
926,0.19971,0.230374,0.150221
927,0.224271,0.248488,0.175629
928,0.24869,0.267094,0.20069
929,0.272952,0.286132,0.225453
930,0.297042,0.305543,0.249975
931,0.320944,0.325265,0.274297
932,0.344643,0.345237,0.298437
933,0.368125,0.365402,0.322397
934,0.391374,0.3857,0.346168
935,0.414376,0.406077,0.369731
936,0.437116,0.42648,0.393068
937,0.45958,0.44686,0.416161
938,0.481754,0.467169,0.438991
939,0.503623,0.487364,0.461544
940,0.525175,0.507405,0.483804
941,0.546394,0.527255,0.505759
942,0.567269,0.54688,0.527393
943,0.587785,0.566249,0.548694
944,0.60793,0.585334,0.569649
945,0.627691,0.60411,0.590244
946,0.647056,0.622553,0.610466
947,0.666012,0.640641,0.630302
948,0.684547,0.658356,0.64974
949,0.70265,0.675679,0.668768
950,0.720309,0.692595,0.687374
951,0.737513,0.709088,0.705545
952,0.754251,0.725144,0.723271
953,0.770513,0.740752,0.74054
954,0.786288,0.755898,0.757341
955,0.801567,0.770571,0.773664
956,0.816339,0.784762,0.789498
957,0.830596,0.79846,0.804834
958,0.844328,0.811655,0.819661
959,0.857527,0.824339,0.83397
960,0.870184,0.836504,0.847753
961,0.882291,0.848141,0.861
962,0.893841,0.859243,0.873704
963,0.904827,0.869803,0.885855
964,0.915241,0.879813,0.897447
965,0.925077,0.889268,0.908472
966,0.934329,0.898161,0.918924
967,0.942991,0.906487,0.928795
968,0.951057,0.914241,0.938079
969,0.958522,0.921417,0.946771
970,0.965382,0.928012,0.954865
971,0.971632,0.93402,0.962355
972,0.977268,0.939438,0.969238
973,0.982287,0.944263,0.975509
974,0.986686,0.948491,0.981163
975,0.990461,0.95212,0.986198
976,0.993611,0.955148,0.99061
977,0.996134,0.957573,0.994396
978,0.998027,0.959393,0.997554
979,0.999289,0.960607,1.00008
980,0.999921,0.961214,1.00198
981,0.999921,0.961214,1.00324
982,0.999289,0.960607,1.00387
983,0.998027,0.959393,1.00387
984,0.996134,0.957573,1.00323
985,0.993611,0.955148,1.00196
986,0.990461,0.95212,1.00004
987,0.986686,0.948491,0.997552
988,0.982287,0.944263,0.994272
989,0.977268,0.939438,0.990726
990,0.971632,0.93402,0.985761
991,0.965382,0.928011,0.981908
992,0.958522,0.921417,0.973644
993,0.951057,0.914241,0.973046
994,0.942991,0.906487,0.953756
995,0.934329,0.898161,0.973306
996,0.925077,0.889267,0.906229
997,0.915241,0.879812,1.02604
998,0.904827,0.869801,0.736843
999,0.893841,0.859241,1.33631
1000,0.882291,0,0

0,0,0,0
1,0,2.3453e-303,0
2,0,2.34999e-300,8.85659e-70
3,0,1.17617e-297,2.92953e-69
4,0,3.92061e-295,-7.05939e-69
5,0,9.79183e-293,-1.18177e-68
6,0,1.95448e-290,3.16961e-68
7,0,3.24776e-288,3.33397e-68
8,0,4.6212e-286,-1.15617e-67
9,0,5.74778e-284,-7.54009e-68
10,0,6.34831e-282,3.75636e-67
11,0,6.3041e-280,1.30677e-67
12,0,5.68538e-278,-1.13028e-66
13,0,4.69538e-276,-1.05591e-67
14,0,3.57589e-274,3.21556e-66
15,0,2.52624e-272,-4.29349e-67
16,0,1.66405e-270,-8.75725e-66
17,0,1.02657e-268,3.03057e-66
18,0,5.95452e-267,2.30167e-65
19,0,3.25867e-265,-1.27312e-65
20,0,1.68778e-263,-5.87099e-65
21,0,8.29608e-262,4.47153e-65
22,0,3.87973e-260,1.45922e-64
23,0,1.73016e-258,-1.42655e-64
24,0,7.37267e-257,-3.54461e-64
25,0,3.00773e-255,4.27812e-64
26,0,1.17674e-253,8.43396e-64
27,0,4.42231e-252,-1.22783e-63
28,0,1.59876e-250,-1.9691e-63
29,0,5.56776e-249,3.40893e-63
30,0,1.87022e-247,4.51721e-63
31,0,6.06652e-246,-9.22117e-63
32,0,1.90239e-244,-1.01935e-62
33,0,5.77336e-243,2.4424e-62
34,0,1.69725e-241,2.26483e-62
35,0,4.83787e-240,-6.35811e-62
36,0,1.33822e-238,-4.9591e-62
37,0,3.59515e-237,1.63141e-61
38,0,9.38776e-236,1.07116e-61
39,0,2.38439e-234,-4.13538e-61
40,0,5.89472e-233,-2.28527e-61
41,0,1.4194e-231,1.03749e-60
42,0,3.33099e-230,4.82438e-61
43,0,7.62303e-229,-2.58004e-60
44,0,1.70221e-227,-1.01055e-60
45,0,3.71076e-226,6.36783e-60
46,0,7.90138e-225,2.10916e-60
47,0,1.64417e-223,-1.56146e-59
48,0,3.34501e-222,-4.41387e-60
49,0,6.65661e-221,3.80727e-59
50,0,1.29629e-219,9.34316e-60
51,0,2.47128e-218,-9.23711e-59
52,0,4.61413e-217,-2.02278e-59
53,0,8.44053e-216,2.23114e-58
54,0,1.51329e-214,4.53258e-59
55,0,2.66013e-213,-5.36722e-58
56,0,4.58625e-212,-1.0613e-58
57,0,7.75769e-211,1.28618e-57
58,0,1.28784e-209,2.60647e-58
59,0,2.09887e-208,-3.07062e-57
60,0,3.35911e-207,-6.68967e-58
61,0,5.28089e-206,7.30293e-57
62,0,8.15742e-205,1.77745e-57
63,0,1.23845e-203,-1.72994e-56
64,0,1.8484e-202,-4.83224e-57
65,0,2.71277e-201,4.08018e-56
66,0,3.91595e-200,1.32966e-56
67,0,5.56122e-199,-9.57705e-56
68,0,7.77161e-198,-3.67175e-56
69,0,1.06895e-196,2.23567e-55
70,0,1.44744e-195,1.01143e-55
71,0,1.92988e-194,-5.1862e-55
72,0,2.53419e-193,-2.76834e-55
73,0,3.278e-192,1.1943e-54
74,0,4.17758e-191,7.51035e-55
75,0,5.24648e-190,-2.72681e-54
76,0,6.49405e-189,-2.01656e-54
77,0,7.92402e-188,6.16297e-54
78,0,9.53307e-187,5.35404e-54
79,0,1.13097e-185,-1.37615e-53
80,0,1.32333e-184,-1.40482e-53
81,0,1.5274e-183,3.02818e-53
82,0,1.73931e-182,3.64127e-53
83,0,1.95436e-181,-6.54453e-53
84,0,2.16719e-180,-9.31995e-53
85,0,2.37203e-179,1.38272e-52
86,0,2.56291e-178,2.35468e-52
87,0,2.73399e-177,-2.8365e-52
88,0,2.87984e-176,-5.86941e-52
89,0,2.99575e-175,5.58932e-52
90,0,3.07796e-174,1.44254e-51
91,0,3.12389e-173,-1.03829e-51
92,0,3.13225e-172,-3.49285e-51
93,0,3.10311e-171,1.75024e-51
94,0,3.03787e-170,8.32307e-51
95,0,2.93915e-169,-2.41981e-51
96,0,2.81063e-168,-1.94909e-50
97,0,2.65682e-167,1.62118e-51
98,0,2.48282e-166,4.47734e-50
99,0,2.29401e-165,5.71441e-51
100,0,2.09586e-164,-1.00638e-49
101,0,1.89359e-163,-3.51263e-50
102,0,1.69203e-162,2.20578e-49
103,0,1.49546e-161,1.30365e-49
104,0,1.30745e-160,-4.69102e-49
105,0,1.13084e-159,-4.07483e-49
106,0,9.67698e-159,9.60781e-49
107,0,8.19373e-158,1.16001e-48
108,0,6.86538e-157,-1.87215e-48
109,0,5.6928e-156,-3.09979e-48
110,0,4.67199e-155,3.39494e-48
111,0,3.79516e-154,7.8849e-48
112,0,3.05171e-153,-5.46423e-48
113,0,2.42929e-152,-1.92192e-47
114,0,1.91457e-151,6.78996e-48
115,0,1.494e-150,4.50004e-47
116,0,1.15439e-149,-1.96485e-48
117,0,8.83297e-149,-1.01148e-46
118,0,6.69343e-148,-2.63312e-47
119,0,5.02351e-147,2.17436e-46
120,0,3.73433e-146,1.26823e-46
121,0,2.74977e-145,-4.43495e-46
122,0,2.0058e-144,-4.25317e-46
123,0,1.44949e-143,8.45306e-46
124,0,1.03779e-142,1.22511e-45
125,0,7.36201e-142,-1.45925e-45
126,0,5.17493e-141,-3.21254e-45
127,0,3.60463e-140,2.10999e-45
128,0,2.48824e-139,7.84145e-45
129,0,1.70226e-138,-1.85304e-45
130,0,1.15421e-137,-1.79595e-44
131,0,7.7571e-137,-2.51557e-45
132,0,5.16763e-136,3.8577e-44
133,0,3.41261e-135,2.0075e-44
134,0,2.23413e-134,-7.7031e-44
135,0,1.45005e-133,-7.38276e-44
136,0,9.33108e-133,1.39859e-43
137,0,5.95359e-132,2.17054e-43
138,0,3.76658e-131,-2.18669e-43
139,0,2.36298e-130,-5.62943e-43
140,0,1.47007e-129,2.45668e-43
141,0,9.06996e-129,1.32926e-42
142,0,5.54986e-128,2.45428e-44
143,0,3.36813e-127,-2.88094e-42
144,0,2.02744e-126,-1.29389e-42
145,0,1.21054e-125,5.69018e-42
146,0,7.16977e-125,5.3112e-42
147,0,4.21253e-124,-9.96158e-42
148,0,2.45535e-123,-1.5976e-41
149,0,1.41983e-122,1.42668e-41
150,0,8.14578e-122,4.10578e-41
151,0,4.6368e-121,-1.17024e-41
152,0,2.61887e-120,-9.39702e-41
153,0,1.4677e-119,-1.93731e-41
154,0,8.16218e-119,1.92797e-40
155,0,4.50443e-118,1.34915e-40
156,0,2.46692e-117,-3.47795e-40
157,0,1.34082e-116,-4.60888e-40
158,0,7.23273e-116,5.15081e-40
159,0,3.87229e-115,1.24516e-39
160,0,2.05771e-114,-4.68089e-40
161,0,1.08534e-113,-2.8982e-39
162,0,5.68242e-113,-5.02264e-40
163,0,2.95325e-112,5.91151e-39
164,0,1.52364e-111,4.18636e-39
165,0,7.80361e-111,-1.03387e-38
166,0,3.96786e-110,-1.44419e-38
167,0,2.00299e-109,1.41069e-38
168,0,1.00388e-108,3.83145e-38
169,0,4.99544e-108,-8.73381e-39
170,0,2.46817e-107,-8.58778e-38
171,0,1.21087e-106,-2.9733e-38
172,0,5.8987e-106,1.64387e-37
173,0,2.85343e-105,1.56482e-37
174,0,1.3707e-104,-2.56088e-37
175,0,6.53876e-104,-4.7774e-37
176,0,3.09771e-103,2.58574e-37
177,0,1.45745e-102,1.15525e-36
178,0,6.81028e-102,1.44819e-37
179,0,3.1606e-101,-2.33275e-36
180,0,1.45687e-100,-1.71249e-36
181,0,6.67006e-100,3.83235e-36
182,0,3.03327e-99,5.9274e-36
183,0,1.37017e-98,-4.32553e-36
184,0,6.14806e-98,-1.50442e-35
185,0,2.74037e-97,-4.48714e-37
186,0,1.21339e-96,3.09881e-35
187,0,5.33739e-96,2.06926e-35
188,0,2.33239e-95,-5.09808e-35
189,0,1.01258e-94,-7.58702e-35
190,0,4.36745e-94,5.60458e-35
191,0,1.87157e-93,1.93665e-34
192,0,7.9685e-93,1.23729e-35
193,0,3.37094e-92,-3.9127e-34
194,0,1.4169e-91,-2.88063e-34
195,0,5.9177e-91,6.10707e-34
196,0,2.45586e-90,1.00793e-33
197,0,1.01274e-89,-5.63543e-34
198,0,4.15007e-89,-2.45677e-33
199,0,1.68997e-88,-5.52171e-34
200,0,6.83883e-88,4.64292e-33
201,0,2.75026e-87,4.39926e-33
202,0,1.09917e-86,-6.36393e-33
203,0,4.36582e-86,-1.35184e-32
204,0,1.7234e-85,3.25581e-33
205,0,6.7614e-85,2.98748e-32
206,0,2.63649e-84,1.51296e-32
207,0,1.0218e-83,-4.95945e-32
208,0,3.93607e-83,-6.7273e-32
209,0,1.50705e-82,5.05767e-32
210,0,5.73551e-82,1.73963e-31
211,0,2.16971e-81,2.84981e-32
212,0,8.15885e-81,-3.29809e-31
213,0,3.04973e-80,-3.08526e-31
214,0,1.1332e-79,4.28341e-31
215,0,4.18578e-79,9.51107e-31
216,0,1.53701e-78,-1.23838e-31
217,0,5.61074e-78,-2.00672e-30
218,0,2.03616e-77,-1.3263e-30
219,0,7.34619e-77,2.9739e-30
220,0,2.63499e-76,5.0162e-30
221,0,9.39659e-76,-1.93803e-30
222,0,3.33154e-75,-1.15738e-29
223,0,1.17439e-74,-5.48907e-30
224,0,4.11603e-74,1.8595e-29
225,0,1.43434e-73,2.61268e-29
226,0,4.96985e-73,-1.54739e-29
227,0,1.71221e-72,-6.46662e-29
228,0,5.86548e-72,-2.31005e-29
229,0,1.99797e-71,1.08758e-28
230,0,6.76739e-71,1.37176e-28
231,0,2.27934e-70,-9.88836e-29
232,0,7.63411e-70,-3.54836e-28
233,0,2.5426e-69,-1.08503e-28
234,0,8.42121e-69,6.05377e-28
235,0,2.77368e-68,7.36734e-28
236,0,9.08508e-68,-5.48814e-28
237,0,2.95938e-67,-1.92504e-27
238,0,9.58694e-67,-6.15673e-28
239,0,3.08867e-66,3.22413e-27
240,0,9.89655e-66,4.0661e-27
241,0,3.15372e-65,-2.66647e-27
242,0,9.99533e-65,-1.03222e-26
243,0,3.15073e-64,-4.1146e-27
244,0,9.87811e-64,1.63524e-26
245,0,3.08028e-63,2.28943e-26
246,0,9.55363e-63,-1.07711e-26
247,0,2.94723e-62,-5.42933e-26
248,0,9.04342e-62,-2.93706e-26
249,0,2.76015e-61,7.76814e-26
250,0,8.37953e-61,1.29305e-25
251,0,2.53046e-60,-2.84293e-26
252,0,7.60116e-60,-2.75941e-25
253,0,2.27125e-59,-2.06956e-25
254,0,6.75092e-59,3.331e-25
255,0,1.99608e-58,7.16178e-25
256,0,5.87108e-58,5.04972e-26
257,0,1.71786e-57,-1.32239e-24
258,0,5.00027e-57,-1.38109e-24
259,0,1.44791e-56,1.17758e-24
260,0,4.17097e-56,3.78905e-24
261,0,1.19533e-55,1.48975e-24
262,0,3.40797e-55,-5.73439e-24
263,0,9.6665e-55,-8.53326e-24
264,0,2.72781e-54,2.35734e-24
265,0,7.65834e-54,1.85392e-23
266,0,2.13913e-53,1.42299e-23
267,0,5.94467e-53,-2.06351e-23
268,0,1.64365e-52,-4.78615e-23
269,0,4.52159e-52,-1.00066e-23
270,0,1.23759e-51,7.98577e-23
271,0,3.37031e-51,1.0117e-22
272,0,9.13224e-51,-4.52026e-23
273,0,2.46209e-50,-2.36803e-22
274,0,6.60475e-50,-1.62768e-22
275,0,1.76294e-49,2.72201e-22
276,0,4.68225e-49,5.91051e-22
277,0,1.2374e-48,1.17817e-22
278,0,3.25395e-48,-9.7615e-22
279,0,8.51457e-48,-1.26161e-21
280,0,2.21701e-47,4.61286e-22
281,0,5.74426e-47,2.83839e-21
282,0,1.48103e-46,2.21469e-21
283,0,3.79982e-46,-2.8488e-21
284,0,9.70145e-46,-7.20096e-21
285,0,2.46484e-45,-2.62707e-21
286,0,6.23196e-45,1.03865e-20
287,0,1.56801e-44,1.63059e-20
288,0,3.92614e-44,-1.01634e-21
289,0,9.78317e-44,-3.10698e-20
290,0,2.42603e-43,-3.28684e-20
291,0,5.98713e-43,1.99973e-20
292,0,1.47046e-42,8.26341e-20
293,0,3.59419e-42,5.69831e-20
294,0,8.74318e-42,-8.59426e-20
295,0,2.11671e-41,-2.01775e-19
296,0,5.10015e-41,-7.47665e-20
297,0,1.22303e-40,2.80426e-19
298,0,2.91896e-40,4.5919e-19
299,0,6.93362e-40,2.4251e-20
300,0,1.63922e-39,-8.0204e-19
301,0,3.85713e-39,-9.80215e-19
302,0,9.03328e-39,2.97135e-19
303,0,2.10564e-38,2.11429e-18
304,0,4.88522e-38,1.96296e-18
305,0,1.12811e-37,-1.46834e-18
306,0,2.59291e-37,-5.26611e-18
307,0,5.93195e-37,-3.66203e-18
308,0,1.35078e-36,5.02128e-18
309,0,3.06165e-36,1.2579e-17
310,0,6.90735e-36,6.2468e-18
311,0,1.55116e-35,-1.48125e-17
312,0,3.46733e-35,-2.91217e-17
313,0,7.7149e-35,-9.28824e-18
314,0,1.7087e-34,4.01983e-17
315,0,3.76711e-34,6.59085e-17
316,0,8.26718e-34,1.0348e-17
317,0,1.80601e-33,-1.03423e-16
318,0,3.92732e-33,-1.46732e-16
319,0,8.50146e-33,-1.5254e-18
320,0,1.83195e-32,2.55914e-16
321,0,3.9297e-32,3.24633e-16
322,0,8.39143e-32,-3.98146e-17
323,0,1.7838e-31,-6.15404e-16
324,0,3.7748e-31,-7.13182e-16
325,0,7.9521e-31,1.57686e-16
326,0,1.66768e-30,1.45795e-15
327,0,3.48172e-30,1.57848e-15
328,0,7.23643e-30,-5.02307e-16
329,0,1.4973e-29,-3.30375e-15
330,0,3.08427e-29,-3.57358e-15
331,0,6.32494e-29,1.16098e-15
332,0,1.29129e-28,7.93602e-15
333,0,2.62459e-28,7.4427e-15
334,0,5.3109e-28,-2.51812e-15
335,0,1.06992e-27,-1.60152e-14
336,0,2.1459e-27,-1.88643e-14
337,0,4.28497e-27,2.04801e-15
338,0,8.51867e-27,3.49116e-14
339,0,1.6861e-26,4.31784e-14
340,0,3.32264e-26,-1.52636e-15
341,0,6.51894e-26,-7.54538e-14
342,0,1.27341e-25,-9.92812e-14
343,0,2.47661e-25,-6.63466e-15
344,0,4.79569e-25,1.58913e-13
345,0,9.24592e-25,2.2783e-13
346,0,1.77483e-24,4.3673e-14
347,0,3.39216e-24,-3.23502e-13
348,0,6.45522e-24,-5.18575e-13
349,0,1.2231e-23,-1.73337e-13
350,0,2.30747e-23,6.28203e-13
351,0,4.33443e-23,1.1624e-12
352,0,8.10691e-23,5.71635e-13
353,0,1.50976e-22,-1.13709e-12
354,0,2.79958e-22,-2.5448e-12
355,0,5.16909e-22,-1.69173e-12
356,0,9.50327e-22,1.82984e-12
357,0,1.73969e-21,5.3873e-12
358,0,3.17115e-21,4.62519e-12
359,0,5.75583e-21,-2.29411e-12
360,0,1.04028e-20,-1.08846e-11
361,0,1.87216e-20,-1.18213e-11
362,0,3.35499e-20,8.61028e-13
363,0,5.98684e-20,2.0582e-11
364,0,1.06381e-19,2.8334e-11
365,0,1.88233e-19,7.51016e-12
366,0,3.3166e-19,-3.5188e-11
367,0,5.81916e-19,-6.34918e-11
368,0,1.01671e-18,-3.57795e-11
369,0,1.76893e-18,5.02737e-11
370,0,3.0648e-18,1.31708e-10
371,0,5.28777e-18,1.13187e-10
372,0,9.08501e-18,-4.45128e-11
373,0,1.5544e-17,-2.47773e-10
374,0,2.64844e-17,-2.97175e-10
375,0,4.49374e-17,-4.69021e-11
376,0,7.59309e-17,4.04287e-10
377,0,1.27769e-16,6.81129e-10
378,0,2.14107e-16,3.81574e-10
379,0,3.57304e-16,-5.05498e-10
380,0,5.93812e-16,-1.36894e-09
381,0,9.82803e-16,-1.27711e-09
382,0,1.61992e-15,2.17423e-10
383,0,2.65909e-15,2.34226e-09
384,0,4.34696e-15,3.23998e-09
385,0,7.07711e-15,1.29507e-09
386,0,1.14748e-14,-3.07884e-09
387,0,1.85293e-14,-6.76849e-09
388,0,2.97987e-14,-5.66412e-09
389,0,4.77269e-14,1.74707e-09
390,0,7.61306e-14,1.15043e-08
391,0,1.20945e-13,1.52186e-08
392,0,1.9136e-13,5.99716e-09
393,0,3.01547e-13,-1.40725e-08
394,0,4.73258e-13,-3.13253e-08
395,0,7.39751e-13,-2.77142e-08
396,0,1.15164e-12,4.2402e-09
397,0,1.78567e-12,4.90719e-08
398,0,2.75761e-12,7.13912e-08
399,0,4.24151e-12,3.88848e-08
400,0,6.49778e-12,-4.63858e-08
401,0,9.91445e-12,-1.33067e-07
402,0,1.50673e-11,-1.43168e-07
403,0,2.28068e-11,-2.93742e-08
404,0,3.43845e-11,1.68089e-07
405,0,5.16334e-11,3.15531e-07
406,0,7.72275e-11,2.59069e-07
407,0,1.15051e-10,-5.10003e-08
408,0,1.7072e-10,-4.69126e-07
409,0,2.52326e-10,-6.89219e-07
410,0,3.71469e-10,-4.30798e-07
411,0,5.44716e-10,3.13989e-07
412,0,7.95623e-10,1.15177e-06
413,0,1.15754e-09,1.43415e-06
414,0,1.6775e-09,6.75194e-07
415,0,2.42152e-09,-9.84482e-07
416,0,3.48187e-09,-2.61964e-06
417,0,4.98703e-09,-2.91932e-06
418,0,7.11507e-09,-1.05443e-06
419,0,1.01118e-08,2.47378e-06
420,0,1.43149e-08,5.66677e-06
421,0,2.01866e-08,5.93823e-06
422,0,2.8357e-08,1.83022e-06
423,0,3.96807e-08,-5.43951e-06
424,0,5.53127e-08,-1.18101e-05
425,0,7.68067e-08,-1.22308e-05
426,0,1.06244e-07,-3.93923e-06
427,0,1.46402e-07,1.06689e-05
428,0,2.00969e-07,2.37661e-05
429,0,2.74823e-07,2.55369e-05
430,0,3.74388e-07,1.02559e-05
431,0,5.08091e-07,-1.82629e-05
432,0,6.86931e-07,-4.57703e-05
433,0,9.25213e-07,-5.33864e-05
434,0,1.24145e-06,-2.84889e-05
435,0,1.65952e-06,2.4796e-05
436,0,2.21006e-06,8.24448e-05
437,0,2.93222e-06,0.000109105
438,0,3.87582e-06,7.66433e-05
439,0,5.10401e-06,-1.58494e-05
440,0,6.69641e-06,-0.00013253
441,0,8.75309e-06,-0.000210728
442,0,1.13991e-05,-0.000190092
443,0,1.47904e-05,-4.91692e-05
444,0,1.912e-05,0.000169945
445,0,2.46264e-05,0.00036656
446,0,3.16028e-05,0.000421226
447,0,4.04077e-05,0.000257405
448,0,5.1478e-05,-0.000103629
449,0,6.53438e-05,-0.000526518
450,0,8.26449e-05,-0.000802808
451,0,0.000104151,-0.000741519
452,0,0.000130782,-0.000273707
453,0,0.000163637,0.000479791
454,0,0.000204016,0.00122049
455,0,0.000253456,0.00157614
456,0,0.000313765,0.00126517
457,0,0.000387057,0.000254517
458,0,0.000475794,-0.00116582
459,0,0.000582834,-0.00244359
460,0,0.000711471,-0.00295839
461,0,0.000865492,-0.00228617
462,0,0.00104923,-0.000428511
463,0,0.00126761,0.00209993
464,0,0.00152621,0.0043875
465,0,0.00183132,0.005429
466,0,0.00219,0.00451949
467,0,0.00261013,0.00159156
468,0,0.00310046,-0.00264651
469,0,0.00367065,-0.00685244
470,0,0.00433134,-0.00945234
471,0,0.00509415,-0.00918373
472,0,0.00597173,-0.00559522
473,0,0.00697779,0.000681252
474,0,0.00812707,0.00800287
475,0,0.00943533,0.0141381
476,0,0.0109194,0.0169239
477,0,0.012597,0.0149597
478,0,0.0144869,0.00811641
479,0,0.0166086,-0.00230545
480,0,0.0189823,-0.0138339
481,0,0.0216291,-0.0234354
482,0,0.0245703,-0.0283094
483,0,0.0278277,-0.0266453
484,0,0.0314234,-0.0181355
485,0,0.0353793,-0.00410901
486,0,0.0397172,0.012741
487,0,0.0444584,0.0289556
488,0,0.0496239,0.0410733
489,0,0.0552334,0.0463688
490,0,0.0613057,0.0433975
491,0,0.0678585,0.0322392
492,0,0.0749076,0.0144164
493,0,0.0824671,-0.0074622
494,0,0.0905494,-0.030225
495,0,0.0991644,-0.0507006
496,0,0.10832,-0.0662046
497,0,0.118021,-0.0748675
498,0,0.12827,-0.0757727
499,0,0.139066,-0.0689131
500,0,0.150408,-0.0550128
501,0,0.162289,-0.0352754
502,0,0.174699,-0.0111186
503,0,0.187628,0.0160551
504,0,0.201062,0.0450217
505,0,0.214982,0.0748264
506,0,0.22937,0.104806
507,0,0.244202,0.134562
508,0,0.259455,0.163904
509,0,0.275102,0.192785
510,0,0.291115,0.221237
511,0,0.307462,0.249329
512,0,0.324113,0.277129
513,0,0.341035,0.304687
514,0,0.358194,0.332035
515,0,0.375555,0.359181
516,0,0.393083,0.386118
517,0,0.410743,0.41283
518,0,0.428499,0.439297
519,0,0.446317,0.465496
520,0,0.46416,0.491406
521,0,0.481996,0.517007
522,0,0.499789,0.542281
523,0,0.517508,0.567212
524,0,0.53512,0.591783
525,0,0.552595,0.61598
526,0,0.569902,0.639787
527,0,0.587014,0.66319
528,0,0.603902,0.686174
529,0,0.620541,0.708725
530,0,0.636906,0.730828
531,0,0.652974,0.752469
532,0,0.668722,0.773636
533,0,0.68413,0.794313
534,0,0.699177,0.814489
535,0,0.713846,0.834151
536,0,0.728118,0.853285
537,0,0.741978,0.871881
538,0,0.75541,0.889926
539,0,0.768401,0.907409
540,0,0.780936,0.924319
541,0,0.793004,0.940645
542,0,0.804593,0.956376
543,0,0.815693,0.971504
544,0,0.826293,0.986018
545,0,0.836384,0.999909
546,0,0.845958,1.01317
547,0,0.855007,1.02579
548,0,0.863524,1.03776
549,0,0.871501,1.04908
550,0,0.878933,1.05973
551,0,0.885814,1.06972
552,0,0.892139,1.07902
553,0,0.897904,1.08765
554,0,0.903103,1.09559
555,0,0.907735,1.10284
556,0,0.911794,1.10939
557,0,0.915278,1.11524
558,0,0.918186,1.12039
559,0,0.920514,1.12483
560,0,0.922261,1.12856
561,0,0.923426,1.13157
562,0,0.924009,1.13387
563,0,0.924008,1.13546
564,0,0.923424,1.13633
565,0,0.922256,1.13648
566,0,0.920506,1.13591
567,0,0.918175,1.13462
568,0,0.915264,1.13262
569,0,0.911775,1.1299
570,0,0.90771,1.12647
571,0,0.903072,1.12233
572,0,0.897864,1.11748
573,0,0.892088,1.11192
574,0,0.885749,1.10566
575,0,0.87885,1.0987
576,0,0.871397,1.09105
577,0,0.863393,1.08271
578,0,0.854843,1.07368
579,0,0.845754,1.06398
580,0,0.836131,1.0536
581,0,0.825979,1.04256
582,0,0.815306,1.03086
583,0,0.804118,1.01851
584,0,0.792421,1.00552
585,0,0.780225,0.991892
586,0,0.767535,0.977637
587,0,0.754361,0.962764
588,0,0.74071,0.947283
589,0,0.726592,0.931204
590,0,0.712014,0.914537
591,0,0.696987,0.897292
592,0,0.68152,0.87948
593,0,0.665622,0.861113
594,0,0.649303,0.842202
595,0,0.632575,0.822758
596,0,0.615447,0.802796
597,0,0.59793,0.782326
598,0,0.580036,0.761362
599,0,0.561775,0.739917
600,0,0.543159,0.718005
601,0,0.524201,0.695639
602,0,0.504911,0.672834
603,0,0.485302,0.649604
604,0,0.465387,0.625964
605,0,0.445178,0.601928
606,0,0.424688,0.577512
607,0,0.403929,0.552731
608,0,0.382915,0.527602
609,0,0.36166,0.502139
610,0,0.340176,0.476358
611,0,0.318477,0.450277
612,0,0.296577,0.423912
613,0,0.27449,0.397279
614,0,0.252229,0.370394
615,0,0.229809,0.343276
616,0,0.207244,0.315941
617,0,0.184548,0.288407
618,0,0.161735,0.26069
619,0,0.13882,0.232809
620,0,0.115818,0.20478
621,0,0.092742,0.176623
622,0,0.0696078,0.148354
623,0,0.0464297,0.119991
624,0,0.0232222,0.0915518
625,0,0,0.0630552
626,0,-0.0232222,0.0345188
627,0,-0.0464297,0.00596056
628,0,-0.0696078,-0.0226014
629,0,-0.092742,-0.0511491
630,0,-0.115818,-0.0796645
631,0,-0.13882,-0.10813
632,0,-0.161735,-0.136526
633,0,-0.184548,-0.164837
634,0,-0.207244,-0.193043
635,0,-0.229809,-0.221128
636,0,-0.252229,-0.249073
637,0,-0.27449,-0.27686
638,0,-0.296577,-0.304473
639,0,-0.318477,-0.331893
640,0,-0.340176,-0.359104
641,0,-0.36166,-0.386088
642,0,-0.382915,-0.412828
643,0,-0.403929,-0.439307
644,0,-0.424688,-0.465509
645,0,-0.445178,-0.491417
646,0,-0.465387,-0.517014
647,0,-0.485302,-0.542285
648,0,-0.504911,-0.567213
649,0,-0.524201,-0.591783
650,0,-0.543159,-0.61598
651,0,-0.561775,-0.639786
652,0,-0.580036,-0.66319
653,0,-0.59793,-0.686173
654,0,-0.615447,-0.708727
655,0,-0.632575,-0.730823
656,0,-0.649303,-0.75248
657,0,-0.665622,-0.773613
658,0,-0.68152,-0.794362
659,0,-0.696987,-0.814384
660,0,-0.712014,-0.834374
661,0,-0.726592,-0.852808
662,0,-0.74071,-0.872901
663,0,-0.754361,-0.887754
664,0,-0.767535,-0.912042
665,0,-0.780225,-0.914449
666,0,-0.792421,-0.961655
667,0,-0.804118,-0.911654
668,0,-0.815306,-1.06662
669,0,-0.825979,-1.10437
670,0,-0.836131,-1.12347
671,0,-0.845754,-1.13909
672,0,-0.854843,-1.15355
673,0,-0.863393,-1.16722
674,0,-0.871397,-1.18014
675,0,-0.87885,-1.19232
676,0,-0.885749,-1.20375
677,0,-0.892088,-1.21443
678,0,-0.897864,-1.22434
679,0,-0.903072,-1.23348
680,0,-0.90771,-1.24181
681,0,-0.911775,-1.24935
682,0,-0.915264,-1.25609
683,0,-0.918175,-1.26205
684,0,-0.920506,-1.26725
685,0,-0.922256,-1.27169
686,0,-0.923424,-1.27533
687,0,-0.924008,-1.27814
688,0,-0.924009,-1.28009
689,0,-0.923426,-1.28116
690,0,-0.922261,-1.28139
691,0,-0.920514,-1.28084
692,0,-0.918186,-1.27956
693,0,-0.915278,-1.2776
694,0,-0.911794,-1.27493
695,0,-0.907735,-1.27146
696,0,-0.903103,-1.26706
697,0,-0.897904,-1.26165
698,0,-0.892139,-1.25523
699,0,-0.885814,-1.24791
700,0,-0.878933,-1.2399
701,0,-0.871501,-1.23141
702,0,-0.863524,-1.22257
703,0,-0.855007,-1.2133
704,0,-0.845958,-1.20333
705,0,-0.836384,-1.19229
706,0,-0.826293,-1.17985
707,0,-0.815693,-1.16593
708,0,-0.804593,-1.15074
709,0,-0.793004,-1.13483
710,0,-0.780936,-1.11886
711,0,-0.768401,-1.10335
712,0,-0.75541,-1.08842
713,0,-0.741978,-1.07367
714,0,-0.728118,-1.05823
715,0,-0.713846,-1.04104
716,0,-0.699177,-1.02127
717,0,-0.68413,-0.998686
718,0,-0.668722,-0.973871
719,0,-0.652974,-0.94812
720,0,-0.636906,-0.923093
721,0,-0.620541,-0.900257
722,0,-0.603902,-0.880329
723,0,-0.587014,-0.862924
724,0,-0.569902,-0.846537
725,0,-0.552595,-0.828912
726,0,-0.53512,-0.807693
727,0,-0.517508,-0.781172
728,0,-0.499789,-0.748889
729,0,-0.481996,-0.711906
730,0,-0.46416,-0.672628
731,0,-0.446317,-0.634235
732,0,-0.428499,-0.599863
733,0,-0.410743,-0.571768
734,0,-0.393083,-0.550698
735,0,-0.375555,-0.535645
736,0,-0.358194,-0.524037
737,0,-0.341035,-0.512301
738,0,-0.324113,-0.496661
739,0,-0.307462,-0.473946
740,0,-0.291115,-0.442251
741,0,-0.275102,-0.401277
742,0,-0.259455,-0.352334
743,0,-0.244202,-0.298024
744,0,-0.22937,-0.241715
745,0,-0.214982,-0.186927
746,0,-0.201062,-0.13678
747,0,-0.187628,-0.0935878
748,0,-0.174699,-0.0586528
749,0,-0.162289,-0.0322612
750,0,-0.150408,-0.013841
751,0,-0.139066,-0.00221777
752,0,-0.12827,0.00409644
753,0,-0.118021,0.00664002
754,0,-0.10832,0.00680103
755,0,-0.0991644,0.0056962
756,0,-0.0905494,0.00412673
757,0,-0.0824671,0.00259486
758,0,-0.0749075,0.00135839
759,0,-0.0678584,0.000500571
760,0,-0.0613057,-2.85139e-06
761,0,-0.0552333,-0.000229883
762,0,-0.0496237,-0.000274971
763,0,-0.0444582,-0.000225964
764,0,-0.0397169,-0.00015101
765,0,-0.0353789,-9.19092e-05
766,0,-0.0314229,-6.27877e-05
767,0,-0.027827,-5.46816e-05
768,0,-0.0245693,-4.6312e-05
769,0,-0.0216278,-1.8807e-05
770,0,-0.0189806,3.09728e-05
771,0,-0.0166063,8.51401e-05
772,0,-0.014484,0.000111814
773,0,-0.0125931,8.29786e-05
774,0,-0.0109143,-5.04125e-06
775,0,-0.00942864,-0.000120389
776,0,-0.00811831,-0.000203268
777,0,-0.00696639,-0.000193074
778,0,-0.00595694,-6.43808e-05
779,0,-0.00507503,0.000147029
780,0,-0.00430671,0.000346094
781,0,-0.00363905,0.000414982
782,0,-0.00306005,0.000272824
783,0,-0.00255866,-6.85294e-05
784,0,-0.00212466,-0.000484517
785,0,-0.00174867,-0.000773574
786,0,-0.00142206,-0.000743291
787,0,-0.00113682,-0.000313842
788,0,-0.000885591,0.000410952
789,0,-0.000661476,0.00114877
790,0,-0.000458014,0.00153479
791,0,-0.000269068,0.00128083
792,0,-8.87375e-05,0.000333672
793,0,8.87375e-05,-0.00104389
794,0,0.000269068,-0.00232287
795,0,0.000458014,-0.00289135
796,0,0.000661476,-0.00231284
797,0,0.000885591,-0.000557508
798,0,0.00113682,0.00190026
799,0,0.00142206,0.00418284
800,0,0.00174867,0.00529833
801,0,0.00212466,0.0045265
802,0,0.00255866,0.00175833
803,0,0.00306005,-0.00235329
804,0,0.00363905,-0.00651633
805,0,0.00430671,-0.00918353
806,0,0.00507503,-0.00908376
807,0,0.00595694,-0.00572178
808,0,0.00696639,0.000337555
809,0,0.00811831,0.00752126
810,0,0.00942864,0.0136482
811,0,0.0109143,0.0165699
812,0,0.0125931,0.0148577
813,0,0.014484,0.0083203
814,0,0.0166063,-0.00182233
815,0,0.0189806,-0.0131738
816,0,0.0216278,-0.0227507
817,0,0.0245693,-0.0277641
818,0,0.027827,-0.0263744
819,0,0.0314229,-0.0182126
820,0,0.0353789,-0.00453089
821,0,0.0397169,0.0120511
822,0,0.0444582,0.0281276
823,0,0.0496237,0.04026
824,0,0.0552333,0.0457132
825,0,0.0613057,0.0430058
826,0,0.0678584,0.0321648
827,0,0.0749075,0.0146565
828,0,0.0824671,-0.0069584
829,0,0.0905494,-0.0295399
830,0,0.0991644,-0.0499294
831,0,0.10832,-0.065437
832,0,0.118021,-0.074175
833,0,0.12827,-0.0752012
834,0,0.139066,-0.0684822
835,0,0.150408,-0.0547198
836,0,0.162289,-0.0351014
837,0,0.174699,-0.0110363
838,0,0.187628,0.0160746
839,0,0.201062,0.0450047
840,0,0.214982,0.0747933
841,0,0.22937,0.104771
842,0,0.244202,0.134532
843,0,0.259455,0.163883
844,0,0.275102,0.192772
845,0,0.291115,0.221231
846,0,0.307462,0.249328
847,0,0.324113,0.27713
848,0,0.341035,0.304689
849,0,0.358194,0.332037
850,0,0.375555,0.359182
851,0,0.393083,0.386119
852,0,0.410743,0.412831
853,0,0.428499,0.439297
854,0,0.446317,0.465496
855,0,0.46416,0.491406
856,0,0.481996,0.517007
857,0,0.499789,0.542281
858,0,0.517508,0.567212
859,0,0.53512,0.591783
860,0,0.552595,0.61598
861,0,0.569902,0.639787
862,0,0.587014,0.66319
863,0,0.603902,0.686174
864,0,0.620541,0.708725
865,0,0.636906,0.730828
866,0,0.652974,0.752469
867,0,0.668722,0.773636
868,0,0.68413,0.794313
869,0,0.699177,0.814489
870,0,0.713846,0.834151
871,0,0.728118,0.853285
872,0,0.741978,0.871881
873,0,0.75541,0.889926
874,0,0.768401,0.907409
875,0,0.780936,0.924319
876,0,0.793004,0.940645
877,0,0.804593,0.956376
878,0,0.815693,0.971504
879,0,0.826293,0.986018
880,0,0.836384,0.999909
881,0,0.845958,1.01317
882,0,0.855007,1.02579
883,0,0.863524,1.03776
884,0,0.871501,1.04908
885,0,0.878933,1.05973
886,0,0.885814,1.06972
887,0,0.892139,1.07902
888,0,0.897904,1.08765
889,0,0.903103,1.09559
890,0,0.907735,1.10284
891,0,0.911794,1.10939
892,0,0.915278,1.11524
893,0,0.918186,1.12039
894,0,0.920514,1.12483
895,0,0.922261,1.12856
896,0,0.923426,1.13157
897,0,0.924009,1.13387
898,0,0.924008,1.13546
899,0,0.923424,1.13633
900,0,0.922256,1.13648
901,0,0.920506,1.13591
902,0,0.918175,1.13462
903,0,0.915264,1.13262
904,0,0.911775,1.1299
905,0,0.90771,1.12647
906,0,0.903072,1.12233
907,0,0.897864,1.11748
908,0,0.892088,1.11192
909,0,0.885749,1.10566
910,0,0.87885,1.0987
911,0,0.871397,1.09105
912,0,0.863393,1.08271
913,0,0.854843,1.07368
914,0,0.845754,1.06398
915,0,0.836131,1.0536
916,0,0.825979,1.04256
917,0,0.815306,1.03086
918,0,0.804118,1.01851
919,0,0.792421,1.00552
920,0,0.780225,0.991892
921,0,0.767535,0.977637
922,0,0.754361,0.962764
923,0,0.74071,0.947283
924,0,0.726592,0.931204
925,0,0.712014,0.914537
926,0,0.696987,0.897292
927,0,0.68152,0.87948
928,0,0.665622,0.861113
929,0,0.649303,0.842202
930,0,0.632575,0.822758
931,0,0.615447,0.802796
932,0,0.59793,0.782326
933,0,0.580036,0.761362
934,0,0.561775,0.739917
935,0,0.543159,0.718005
936,0,0.524201,0.695639
937,0,0.504911,0.672834
938,0,0.485302,0.649604
939,0,0.465387,0.625964
940,0,0.445178,0.601928
941,0,0.424688,0.577512
942,0,0.403929,0.552731
943,0,0.382915,0.527602
944,0,0.36166,0.502139
945,0,0.340176,0.476358
946,0,0.318477,0.450277
947,0,0.296577,0.423912
948,0,0.27449,0.397279
949,0,0.252229,0.370394
950,0,0.229809,0.343276
951,0,0.207244,0.315941
952,0,0.184548,0.288407
953,0,0.161735,0.26069
954,0,0.13882,0.232809
955,0,0.115818,0.20478
956,0,0.092742,0.176623
957,0,0.0696078,0.148354
958,0,0.0464297,0.119991
959,0,0.0232222,0.0915518
960,0,0,0.0630552
961,0,-0.0232222,0.0345188
962,0,-0.0464297,0.00596056
963,0,-0.0696078,-0.0226014
964,0,-0.092742,-0.0511491
965,0,-0.115818,-0.0796645
966,0,-0.13882,-0.10813
967,0,-0.161735,-0.136526
968,0,-0.184548,-0.164837
969,0,-0.207244,-0.193043
970,0,-0.229809,-0.221128
971,0,-0.252229,-0.249073
972,0,-0.27449,-0.27686
973,0,-0.296577,-0.304473
974,0,-0.318477,-0.331893
975,0,-0.340176,-0.359104
976,0,-0.36166,-0.386088
977,0,-0.382915,-0.412828
978,0,-0.403929,-0.439307
979,0,-0.424688,-0.465509
980,0,-0.445178,-0.491416
981,0,-0.465387,-0.517015
982,0,-0.485302,-0.542284
983,0,-0.504911,-0.567216
984,0,-0.524201,-0.591778
985,0,-0.543159,-0.61599
986,0,-0.561775,-0.639764
987,0,-0.580036,-0.663239
988,0,-0.59793,-0.686069
989,0,-0.615447,-0.70895
990,0,-0.632575,-0.730348
991,0,-0.649303,-0.753495
992,0,-0.665622,-0.771447
993,0,-0.68152,-0.798981
994,0,-0.696987,-0.804536
995,0,-0.712014,-0.855358
996,0,-0.726592,-0.808117
997,0,-0.74071,-0.968032
998,0,-0.754361,-0.685369
999,0,-0.767535,-1.34237
1000,0,0,0

