0,0,0,0
1,0.0251301,0.0251301,0.0251301
2,0.0502443,0.0502443,0.0502443
3,0.0753268,0.0753268,0.0753268
4,0.100362,0.100362,0.100362
5,0.125333,0.125333,0.125333
6,0.150226,0.150226,0.150226
7,0.175023,0.175023,0.175023
8,0.19971,0.19971,0.19971
9,0.224271,0.224271,0.224271
10,0.24869,0.24869,0.24869
11,0.272952,0.272952,0.272952
12,0.297042,0.297042,0.297042
13,0.320944,0.320944,0.320944
14,0.344643,0.344643,0.344643
15,0.368125,0.368125,0.368125
16,0.391374,0.391374,0.391374
17,0.414376,0.414376,0.414376
18,0.437116,0.437116,0.437116
19,0.45958,0.45958,0.45958
20,0.481754,0.481754,0.481754
21,0.503623,0.503623,0.503623
22,0.525175,0.525175,0.525175
23,0.546394,0.546394,0.546394
24,0.567269,0.567269,0.567269
25,0.587785,0.587785,0.587785
26,0.60793,0.60793,0.60793
27,0.627691,0.627691,0.627691
28,0.647056,0.647056,0.647056
29,0.666012,0.666012,0.666012
30,0.684547,0.684547,0.684547
31,0.70265,0.70265,0.70265
32,0.720309,0.720309,0.720309
33,0.737513,0.737513,0.737513
34,0.754251,0.754251,0.754251
35,0.770513,0.770513,0.770513
36,0.786288,0.786288,0.786288
37,0.801567,0.801567,0.801567
38,0.816339,0.816339,0.816339
39,0.830596,0.830596,0.830596
40,0.844328,0.844328,0.844328
41,0.857527,0.857527,0.857527
42,0.870184,0.870184,0.870184
43,0.882291,0.882291,0.882291
44,0.893841,0.893841,0.893841
45,0.904827,0.904827,0.904827
46,0.915241,0.915241,0.915241
47,0.925077,0.925077,0.925077
48,0.934329,0.934329,0.934329
49,0.942991,0.942991,0.942991
50,0.951057,0.951057,0.951057
51,0.958522,0.958522,0.958522
52,0.965382,0.965382,0.965382
53,0.971632,0.971632,0.971632
54,0.977268,0.977268,0.977268
55,0.982287,0.982287,0.982287
56,0.986686,0.986686,0.986686
57,0.990461,0.990461,0.990461
58,0.993611,0.993611,0.993611
59,0.996134,0.996134,0.996134
60,0.998027,0.998027,0.998027
61,0.999289,0.999289,0.999289
62,0.999921,0.999921,0.999921
63,0.999921,0.999921,0.999921
64,0.999289,0.999289,0.999289
65,0.998027,0.998027,0.998027
66,0.996134,0.996134,0.996134
67,0.993611,0.993611,0.993611
68,0.990461,0.990461,0.990461
69,0.986686,0.986686,0.986686
70,0.982287,0.982287,0.982287
71,0.977268,0.977268,0.977268
72,0.971632,0.971632,0.971632
73,0.965382,0.965382,0.965382
74,0.958522,0.958522,0.958522
75,0.951057,0.951057,0.951057
76,0.942991,0.942991,0.942991
77,0.934329,0.934329,0.934329
78,0.925077,0.925077,0.925077
79,0.915241,0.915241,0.915241
80,0.904827,0.904827,0.904827
81,0.893841,0.893841,0.893841
82,0.882291,0.882291,0.882291
83,0.870184,0.870184,0.870184
84,0.857527,0.857527,0.857527
85,0.844328,0.844328,0.844328
86,0.830596,0.830596,0.830596
87,0.816339,0.816339,0.816339
88,0.801567,0.801567,0.801567
89,0.786288,0.786288,0.786288
90,0.770513,0.770513,0.770513
91,0.754251,0.754251,0.754251
92,0.737513,0.737513,0.737513
93,0.720309,0.720309,0.720309
94,0.70265,0.70265,0.70265
95,0.684547,0.684547,0.684547
96,0.666012,0.666012,0.666012
97,0.647056,0.647056,0.647056
98,0.627691,0.627691,0.627691
99,0.60793,0.60793,0.60793
100,0.587785,0.587785,0.587785
101,0.567269,0.567269,0.567269
102,0.546394,0.546394,0.546394
103,0.525175,0.525175,0.525175
104,0.503623,0.503623,0.503623
105,0.481754,0.481754,0.481754
106,0.45958,0.45958,0.45958
107,0.437116,0.437116,0.437116
108,0.414376,0.414376,0.414376
109,0.391374,0.391374,0.391374
110,0.368125,0.368125,0.368125
111,0.344643,0.344643,0.344643
112,0.320944,0.320944,0.320944
113,0.297042,0.297042,0.297042
114,0.272952,0.272952,0.272952
115,0.24869,0.24869,0.24869
116,0.224271,0.224271,0.224271
117,0.19971,0.19971,0.19971
118,0.175023,0.175023,0.175023
119,0.150226,0.150226,0.150226
120,0.125333,0.125333,0.125333
121,0.100362,0.100362,0.100362
122,0.0753268,0.0753268,0.0753268
123,0.0502443,0.0502443,0.0502443
124,0.0251301,0.0251301,0.0251301
125,1.22465e-16,1.22465e-16,1.22465e-16
126,-0.0251301,-0.0251301,-0.0251301
127,-0.0502443,-0.0502443,-0.0502443
128,-0.0753268,-0.0753268,-0.0753268
129,-0.100362,-0.100362,-0.100362
130,-0.125333,-0.125333,-0.125333
131,-0.150226,-0.150226,-0.150226
132,-0.175023,-0.175023,-0.175023
133,-0.19971,-0.19971,-0.19971
134,-0.224271,-0.224271,-0.224271
135,-0.24869,-0.24869,-0.24869
136,-0.272952,-0.272952,-0.272952
137,-0.297042,-0.297042,-0.297042
138,-0.320944,-0.320944,-0.320944
139,-0.344643,-0.344643,-0.344643
140,-0.368125,-0.368125,-0.368125
141,-0.391374,-0.391374,-0.391374
142,-0.414376,-0.414376,-0.414376
143,-0.437116,-0.437116,-0.437116
144,-0.45958,-0.45958,-0.45958
145,-0.481754,-0.481754,-0.481754
146,-0.503623,-0.503623,-0.503623
147,-0.525175,-0.525175,-0.525175
148,-0.546394,-0.546394,-0.546394
149,-0.567269,-0.567269,-0.567269
150,-0.587785,-0.587785,-0.587785
151,-0.60793,-0.60793,-0.60793
152,-0.627691,-0.627691,-0.627691
153,-0.647056,-0.647056,-0.647056
154,-0.666012,-0.666012,-0.666012
155,-0.684547,-0.684547,-0.684547
156,-0.70265,-0.70265,-0.70265
157,-0.720309,-0.720309,-0.720309
158,-0.737513,-0.737513,-0.737513
159,-0.754251,-0.754251,-0.754251
160,-0.770513,-0.770513,-0.770513
161,-0.786288,-0.786288,-0.786288
162,-0.801567,-0.801567,-0.801567
163,-0.816339,-0.816339,-0.816339
164,-0.830596,-0.830596,-0.830596
165,-0.844328,-0.844328,-0.844328
166,-0.857527,-0.857527,-0.857527
167,-0.870184,-0.870184,-0.870184
168,-0.882291,-0.882291,-0.882291
169,-0.893841,-0.893841,-0.893841
170,-0.904827,-0.904827,-0.904827
171,-0.915241,-0.915241,-0.915241
172,-0.925077,-0.925077,-0.925077
173,-0.934329,-0.934329,-0.934329
174,-0.942991,-0.942991,-0.942991
175,-0.951057,-0.951057,-0.951057
176,-0.958522,-0.958522,-0.958522
177,-0.965382,-0.965382,-0.965382
178,-0.971632,-0.971632,-0.971632
179,-0.977268,-0.977268,-0.977268
180,-0.982287,-0.982287,-0.982287
181,-0.986686,-0.986686,-0.986686
182,-0.990461,-0.990461,-0.990461
183,-0.993611,-0.993611,-0.993611
184,-0.996134,-0.996134,-0.996134
185,-0.998027,-0.998027,-0.998027
186,-0.999289,-0.999289,-0.999289
187,-0.999921,-0.999921,-0.999921
188,-0.999921,-0.999921,-0.999921
189,-0.999289,-0.999289,-0.999289
190,-0.998027,-0.998027,-0.998027
191,-0.996134,-0.996134,-0.996134
192,-0.993611,-0.993611,-0.993611
193,-0.990461,-0.990461,-0.990461
194,-0.986686,-0.986686,-0.986686
195,-0.982287,-0.982287,-0.982287
196,-0.977268,-0.977268,-0.977268
197,-0.971632,-0.971632,-0.971632
198,-0.965382,-0.965382,-0.965382
199,-0.958522,-0.958522,-0.958522
200,-0.951057,-0.951057,-0.951057
201,-0.942991,-0.942991,-0.942991
202,-0.934329,-0.934329,-0.934329
203,-0.925077,-0.925077,-0.925077
204,-0.915241,-0.915241,-0.915241
205,-0.904827,-0.904827,-0.904827
206,-0.893841,-0.893841,-0.893841
207,-0.882291,-0.882291,-0.882291
208,-0.870184,-0.870184,-0.870184
209,-0.857527,-0.857527,-0.857527
210,-0.844328,-0.844328,-0.844328
211,-0.830596,-0.830596,-0.830596
212,-0.816339,-0.816339,-0.816339
213,-0.801567,-0.801567,-0.801567
214,-0.786288,-0.786288,-0.786288
215,-0.770513,-0.770513,-0.770513
216,-0.754251,-0.754251,-0.754251
217,-0.737513,-0.737513,-0.737513
218,-0.720309,-0.720309,-0.720309
219,-0.70265,-0.70265,-0.70265
220,-0.684547,-0.684547,-0.684547
221,-0.666012,-0.666012,-0.666012
222,-0.647056,-0.647056,-0.647056
223,-0.627691,-0.627691,-0.627691
224,-0.60793,-0.60793,-0.60793
225,-0.587785,-0.587785,-0.587785
226,-0.567269,-0.567269,-0.567269
227,-0.546394,-0.546394,-0.546394
228,-0.525175,-0.525175,-0.525175
229,-0.503623,-0.503623,-0.503623
230,-0.481754,-0.481754,-0.481754
231,-0.45958,-0.45958,-0.45958
232,-0.437116,-0.437116,-0.437116
233,-0.414376,-0.414376,-0.414376
234,-0.391374,-0.391374,-0.391374
235,-0.368125,-0.368125,-0.368125
236,-0.344643,-0.344643,-0.344643
237,-0.320944,-0.320944,-0.320944
238,-0.297042,-0.297042,-0.297042
239,-0.272952,-0.272952,-0.272952
240,-0.24869,-0.24869,-0.24869
241,-0.224271,-0.224271,-0.224271
242,-0.19971,-0.19971,-0.19971
243,-0.175023,-0.175023,-0.175023
244,-0.150226,-0.150226,-0.150226
245,-0.125333,-0.125333,-0.125333
246,-0.100362,-0.100362,-0.100362
247,-0.0753268,-0.0753268,-0.0753268
248,-0.0502443,-0.0502443,-0.0502443
249,-0.0251301,-0.0251301,-0.0251301
250,-2.44929e-16,-2.44929e-16,-2.44929e-16
251,0,0,0
252,0,0,0
253,0,0,0
254,0,0,0
255,0,0,0
256,0,0,0
257,0,0,0
258,0,0,0
259,0,0,0
260,0,0,0
261,0,0,0
262,0,0,0
263,0,0,0
264,0,0,0
265,0,0,0
266,0,0,0
267,0,0,0
268,0,0,0
269,0,0,0
270,0,0,0
271,0,0,0
272,0,0,0
273,0,0,0
274,0,0,0
275,0,0,0
276,0,0,0
277,0,0,0
278,0,0,0
279,0,0,0
280,0,0,0
281,0,0,0
282,0,0,0
283,0,0,0
284,0,0,0
285,0,0,0
286,0,0,0
287,0,0,0
288,0,0,0
289,0,0,0
290,0,0,0
291,0,0,0
292,0,0,0
293,0,0,0
294,0,0,0
295,0,0,0
296,0,0,0
297,0,0,0
298,0,0,0
299,0,0,0
300,0,0,0
301,0,0,0
302,0,0,0
303,0,0,0
304,0,0,0
305,0,0,0
306,0,0,0
307,0,0,0
308,0,0,0
309,0,0,0
310,0,0,0
311,0,0,0
312,0,0,0
313,0,0,0
314,0,0,0
315,0,0,0
316,0,0,0
317,0,0,0
318,0,0,0
319,0,0,0
320,0,0,0
321,0,0,0
322,0,0,0
323,0,0,0
324,0,0,0
325,0,0,0
326,0,0,0
327,0,0,0
328,0,0,0
329,0,0,0
330,0,0,0
331,0,0,0
332,0,0,0
333,0,0,0
334,0,0,0
335,0,0,0
336,0,0,0
337,0,0,0
338,0,0,0
339,0,0,0
340,0,0,0
341,0,0,0
342,0,0,0
343,0,0,0
344,0,0,0
345,0,0,0
346,0,0,0
347,0,0,0
348,0,0,0
349,0,0,0
350,0,0,0
351,0,0,0
352,0,0,0
353,0,0,0
354,0,0,0
355,0,0,0
356,0,0,0
357,0,0,0
358,0,0,0
359,0,0,0
360,0,0,0
361,0,0,0
362,0,0,0
363,0,0,0
364,0,0,0
365,0,0,0
366,0,0,0
367,0,0,0
368,0,0,0
369,0,0,0
370,0,0,0
371,0,0,0
372,0,0,0
373,0,0,0
374,0,0,0
375,0,0,0
376,0,0,0
377,0,0,0
378,0,0,0
379,0,0,0
380,0,0,0
381,0,0,0
382,0,0,0
383,0,0,0
384,0,0,0
385,0,0,0
386,0,0,0
387,0,0,0
388,0,0,0
389,0,0,0
390,0,0,0
391,0,0,0
392,0,0,0
393,0,0,0
394,0,0,0
395,0,0,0
396,0,0,0
397,0,0,0
398,0,0,0
399,0,0,0
400,0,0,0
401,0,0,0
402,0,0,0
403,0,0,0
404,0,0,0
405,0,0,0
406,0,0,0
407,0,0,0
408,0,0,0
409,0,0,0
410,0,0,0
411,0,0,0
412,0,0,0
413,0,0,0
414,0,0,0
415,0,0,0
416,0,0,0
417,0,0,0
418,0,0,0
419,0,0,0
420,0,0,0
421,0,0,0
422,0,0,0
423,0,0,0
424,0,0,0
425,0,0,0
426,0,0,0
427,0,0,0
428,0,0,0
429,0,0,0
430,0,0,0
431,0,0,0
432,0,0,0
433,0,0,0
434,0,0,0
435,0,0,0
436,0,0,0
437,0,0,0
438,0,0,0
439,0,0,0
440,0,0,0
441,0,0,0
442,0,0,0
443,0,0,0
444,0,0,0
445,0,0,0
446,0,0,0
447,0,0,0
448,0,0,0
449,0,0,0
450,0,0,0
451,0,0,0
452,0,0,0
453,0,0,0
454,0,0,0
455,0,0,0
456,0,0,0
457,0,0,0
458,0,0,0
459,0,0,0
460,0,0,0
461,0,0,0
462,0,0,0
463,0,0,0
464,0,0,0
465,0,0,0
466,0,0,0
467,0,0,0
468,0,0,0
469,0,0,0
470,0,0,0
471,0,0,0
472,0,0,0
473,0,0,0
474,0,0,0
475,0,0,0
476,0,0,0
477,0,0,0
478,0,0,0
479,0,0,0
480,0,0,0
481,0,0,0
482,0,0,0
483,0,0,0
484,0,0,0
485,0,0,0
486,0,0,0
487,0,0,0
488,0,0,0
489,0,0,0
490,0,0,0
491,0,0,0
492,0,0,0
493,0,0,0
494,0,0,0
495,0,0,0
496,0,0,0
497,0,0,0
498,0,0,0
499,0,0,0
500,0,0,0
501,0,0,0
502,0,0,0
503,0,0,0
504,0,0,0
505,0,0,0
506,0,0,0
507,0,0,0
508,0,0,0
509,0,0,0
510,0,0,0
511,0,0,0
512,0,0,0
513,0,0,0
514,0,0,0
515,0,0,0
516,0,0,0
517,0,0,0
518,0,0,0
519,0,0,0
520,0,0,0
521,0,0,0
522,0,0,0
523,0,0,0
524,0,0,0
525,0,0,0
526,0,0,0
527,0,0,0
528,0,0,0
529,0,0,0
530,0,0,0
531,0,0,0
532,0,0,0
533,0,0,0
534,0,0,0
535,0,0,0
536,0,0,0
537,0,0,0
538,0,0,0
539,0,0,0
540,0,0,0
541,0,0,0
542,0,0,0
543,0,0,0
544,0,0,0
545,0,0,0
546,0,0,0
547,0,0,0
548,0,0,0
549,0,0,0
550,0,0,0
551,0,0,0
552,0,0,0
553,0,0,0
554,0,0,0
555,0,0,0
556,0,0,0
557,0,0,0
558,0,0,0
559,0,0,0
560,0,0,0
561,0,0,0
562,0,0,0
563,0,0,0
564,0,0,0
565,0,0,0
566,0,0,0
567,0,0,0
568,0,0,0
569,0,0,0
570,0,0,0
571,0,0,0
572,0,0,0
573,0,0,0
574,0,0,0
575,0,0,0
576,0,0,0
577,0,0,0
578,0,0,0
579,0,0,0
580,0,0,0
581,0,0,0
582,0,0,0
583,0,0,0
584,0,0,0
585,0,0,0
586,0,0,0
587,0,0,0
588,0,0,0
589,0,0,0
590,0,0,0
591,0,0,0
592,0,0,0
593,0,0,0
594,0,0,0
595,0,0,0
596,0,0,0
597,0,0,0
598,0,0,0
599,0,0,0
600,0,0,0
601,0,0,0
602,0,0,0
603,0,0,0
604,0,0,0
605,0,0,0
606,0,0,0
607,0,0,0
608,0,0,0
609,0,0,0
610,0,0,0
611,0,0,0
612,0,0,0
613,0,0,0
614,0,0,0
615,0,0,0
616,0,0,0
617,0,0,0
618,0,0,0
619,0,0,0
620,0,0,0
621,0,0,0
622,0,0,0
623,0,0,0
624,0,0,0
625,0,0,0
626,0,0,0
627,0,0,0
628,0,0,0
629,0,0,0
630,0,0,0
631,0,0,0
632,0,0,0
633,0,0,0
634,0,0,0
635,0,0,0
636,0,0,0
637,0,0,0
638,0,0,0
639,0,0,0
640,0,0,0
641,0,0,0
642,0,0,0
643,0,0,0
644,0,0,0
645,0,0,0
646,0,0,0
647,0,0,0
648,0,0,0
649,0,0,0
650,0,0,0
651,0,0,0
652,0,0,0
653,0,0,0
654,0,0,0
655,0,0,0
656,0,0,0
657,0,0,0
658,0,0,0
659,0,0,0
660,0,0,0
661,0,0,0
662,0,0,0
663,0,0,0
664,0,0,0
665,0,0,0
666,0,0,0
667,0,0,0
668,0,0,0
669,0,0,0
670,0,0,0
671,0,0,0
672,0,0,0
673,0,0,0
674,0,0,0
675,0,0,0
676,0,0,0
677,0,0,0
678,0,0,0
679,0,0,0
680,0,0,0
681,0,0,0
682,0,0,0
683,0,0,0
684,0,0,0
685,0,0,0
686,0,0,0
687,0,0,0
688,0,0,0
689,0,0,0
690,0,0,0
691,0,0,0
692,0,0,0
693,0,0,0
694,0,0,0
695,0,0,0
696,0,0,0
697,0,0,0
698,0,0,0
699,0,0,0
700,0,0,0
701,0,0,0
702,0,0,0
703,0,0,0
704,0,0,0
705,0,0,0
706,0,0,0
707,0,0,0
708,0,0,0
709,0,0,0
710,0,0,0
711,0,0,0
712,0,0,0
713,0,0,0
714,0,0,0
715,0,0,0
716,0,0,0
717,0,0,0
718,0,0,0
719,0,0,0
720,0,0,0
721,0,0,0
722,0,0,0
723,0,0,0
724,0,0,0
725,0,0,0
726,0,0,0
727,0,0,0
728,0,0,0
729,0,0,0
730,0,0,0
731,0,0,0
732,0,0,0
733,0,0,0
734,0,0,0
735,0,0,0
736,0,0,0
737,0,0,0
738,0,0,0
739,0,0,0
740,0,0,0
741,0,0,0
742,0,0,0
743,0,0,0
744,0,0,0
745,0,0,0
746,0,0,0
747,0,0,0
748,0,0,0
749,0,0,0
750,0,0,0
751,0,0,0
752,0,0,0
753,0,0,0
754,0,0,0
755,0,0,0
756,0,0,0
757,0,0,0
758,0,0,0
759,0,0,0
760,0,0,0
761,0,0,0
762,0,0,0
763,0,0,0
764,0,0,0
765,0,0,0
766,0,0,0
767,0,0,0
768,0,0,0
769,0,0,0
770,0,0,0
771,0,0,0
772,0,0,0
773,0,0,0
774,0,0,0
775,0,0,0
776,0,0,0
777,0,0,0
778,0,0,0
779,0,0,0
780,0,0,0
781,0,0,0
782,0,0,0
783,0,0,0
784,0,0,0
785,0,0,0
786,0,0,0
787,0,0,0
788,0,0,0
789,0,0,0
790,0,0,0
791,0,0,0
792,0,0,0
793,0,0,0
794,0,0,0
795,0,0,0
796,0,0,0
797,0,0,0
798,0,0,0
799,0,0,0
800,0,0,0
801,0,0,0
802,0,0,0
803,0,0,0
804,0,0,0
805,0,0,0
806,0,0,0
807,0,0,0
808,0,0,0
809,0,0,0
810,0,0,0
811,0,0,0
812,0,0,0
813,0,0,0
814,0,0,0
815,0,0,0
816,0,0,0
817,0,0,0
818,0,0,0
819,0,0,0
820,0,0,0
821,0,0,0
822,0,0,0
823,0,0,0
824,0,0,0
825,0,0,0
826,0,0,0
827,0,0,0
828,0,0,0
829,0,0,0
830,0,0,0
831,0,0,0
832,0,0,0
833,0,0,0
834,0,0,0
835,0,0,0
836,0,0,0
837,0,0,0
838,0,0,0
839,0,0,0
840,0,0,0
841,0,0,0
842,0,0,0
843,0,0,0
844,0,0,0
845,0,0,0
846,0,0,0
847,0,0,0
848,0,0,0
849,0,0,0
850,0,0,0
851,0,0,0
852,0,0,0
853,0,0,0
854,0,0,0
855,0,0,0
856,0,0,0
857,0,0,0
858,0,0,0
859,0,0,0
860,0,0,0
861,0,0,0
862,0,0,0
863,0,0,0
864,0,0,0
865,0,0,0
866,0,0,0
867,0,0,0
868,0,0,0
869,0,0,0
870,0,0,0
871,0,0,0
872,0,0,0
873,0,0,0
874,0,0,0
875,0,0,0
876,0,0,0
877,0,0,0
878,0,0,0
879,0,0,0
880,0,0,0
881,0,0,0
882,0,0,0
883,0,0,0
884,0,0,0
885,0,0,0
886,0,0,0
887,0,0,0
888,0,0,0
889,0,0,0
890,0,0,0
891,0,0,0
892,0,0,0
893,0,0,0
894,0,0,0
895,0,0,0
896,0,0,0
897,0,0,0
898,0,0,0
899,0,0,0
900,0,0,0
901,0,0,0
902,0,0,0
903,0,0,0
904,0,0,0
905,0,0,0
906,0,0,0
907,0,0,0
908,0,0,0
909,0,0,0
910,0,0,0
911,0,0,0
912,0,0,0
913,0,0,0
914,0,0,0
915,0,0,0
916,0,0,0
917,0,0,0
918,0,0,0
919,0,0,0
920,0,0,0
921,0,0,0
922,0,0,0
923,0,0,0
924,0,0,0
925,0,0,0
926,0,0,0
927,0,0,0
928,0,0,0
929,0,0,0
930,0,0,0
931,0,0,0
932,0,0,0
933,0,0,0
934,0,0,0
935,0,0,0
936,0,0,0
937,0,0,0
938,0,0,0
939,0,0,0
940,0,0,0
941,0,0,0
942,0,0,0
943,0,0,0
944,0,0,0
945,0,0,0
946,0,0,0
947,0,0,0
948,0,0,0
949,0,0,0
950,0,0,0
951,0,0,0
952,0,0,0
953,0,0,0
954,0,0,0
955,0,0,0
956,0,0,0
957,0,0,0
958,0,0,0
959,0,0,0
960,0,0,0
961,0,0,0
962,0,0,0
963,0,0,0
964,0,0,0
965,0,0,0
966,0,0,0
967,0,0,0
968,0,0,0
969,0,0,0
970,0,0,0
971,0,0,0
972,0,0,0
973,0,0,0
974,0,0,0
975,0,0,0
976,0,0,0
977,0,0,0
978,0,0,0
979,0,0,0
980,0,0,0
981,0,0,0
982,0,0,0
983,0,0,0
984,0,0,0
985,0,0,0
986,0,0,0
987,0,0,0
988,0,0,0
989,0,0,0
990,0,0,0
991,0,0,0
992,0,0,0
993,0,0,0
994,0,0,0
995,0,0,0
996,0,0,0
997,0,0,0
998,0,0,0
999,0,0,0
1000,0,0,0

0,0,0,0
1,0,7.67708e-153,0
2,0,3.85389e-150,-1.59795e-37
3,0,9.65414e-148,4.55363e-37
4,0,1.60907e-145,1.01907e-36
5,0,2.00741e-143,-2.45928e-36
6,0,1.99951e-141,-3.38619e-36
7,0,1.65639e-139,9.68431e-36
8,0,1.17379e-137,8.97427e-36
9,0,7.26363e-136,-3.28444e-35
10,0,3.98745e-134,-2.04491e-35
11,0,1.96611e-132,1.01805e-34
12,0,8.79532e-131,4.01464e-35
13,0,3.59942e-129,-2.96974e-34
14,0,1.35698e-127,-6.33736e-35
15,0,4.74078e-126,8.29444e-34
16,0,1.5427e-124,5.4759e-35
17,0,4.69681e-123,-2.24323e-33
18,0,1.34311e-121,1.23033e-34
19,0,3.62e-120,5.9215e-33
20,0,9.2244e-119,-9.0453e-34
21,0,2.22844e-117,-1.53467e-32
22,0,5.11662e-116,3.51868e-33
23,0,1.1191e-114,3.92242e-32
24,0,2.33644e-113,-1.11742e-32
25,0,4.66509e-112,-9.91983e-32
26,0,8.92357e-111,3.16891e-32
27,0,1.63788e-109,2.48844e-31
28,0,2.88892e-108,-8.27991e-32
29,0,4.90331e-107,-6.20205e-31
30,0,8.01858e-106,2.01306e-31
31,0,1.26496e-104,1.53714e-30
32,0,1.9271e-103,-4.53632e-31
33,0,2.83813e-102,-3.78924e-30
34,0,4.04467e-101,9.27468e-31
35,0,5.58284e-100,9.28645e-30
36,0,7.47001e-99,-1.61741e-30
37,0,9.69693e-98,-2.2602e-29
38,0,1.22216e-96,1.89782e-30
39,0,1.49664e-95,5.45414e-29
40,0,1.78197e-94,1.3906e-30
41,0,2.06426e-93,-1.30204e-28
42,0,2.32796e-92,-2.01249e-29
43,0,2.55736e-91,3.06615e-28
44,0,2.73815e-90,9.34512e-29
45,0,2.85894e-89,-7.09675e-28
46,0,2.91244e-88,-3.40403e-28
47,0,2.89619e-87,1.60689e-27
48,0,2.81266e-86,1.10223e-27
49,0,2.66885e-85,-3.53704e-27
50,0,2.47532e-84,-3.31079e-27
51,0,2.24502e-83,7.50066e-27
52,0,1.99188e-82,9.4012e-27
53,0,1.72951e-81,-1.51088e-26
54,0,1.47014e-80,-2.54683e-26
55,0,1.22384e-79,2.81927e-26
56,0,9.98079e-79,6.60932e-26
57,0,7.97672e-78,-4.61678e-26
58,0,6.2494e-77,-1.64441e-25
59,0,4.80107e-76,5.61568e-26
60,0,3.61785e-75,3.915e-25
61,0,2.67485e-74,-2.73965e-27
62,0,1.9409e-73,-8.87534e-25
63,0,1.38253e-72,-2.94113e-25
64,0,9.67005e-72,1.89827e-24
65,0,6.64308e-71,1.34118e-24
66,0,4.48334e-70,-3.76602e-24
67,0,2.97321e-69,-4.42512e-24
68,0,1.93794e-68,6.69685e-24
69,0,1.24177e-67,1.25229e-23
70,0,7.82378e-67,-9.7912e-24
71,0,4.84795e-66,-3.18648e-23
72,0,2.95497e-65,8.073e-24
73,0,1.77208e-64,7.38981e-23
74,0,1.04576e-63,1.51957e-23
75,0,6.07405e-63,-1.55542e-22
76,0,3.47296e-62,-1.058e-22
77,0,1.9551e-61,2.90125e-22
78,0,1.08384e-60,3.71882e-22
79,0,5.91768e-60,-4.48061e-22
80,0,3.18275e-59,-1.03474e-21
81,0,1.68649e-58,4.39524e-22
82,0,8.80567e-58,2.47012e-21
83,0,4.53108e-57,3.69847e-22
84,0,2.29807e-56,-5.12164e-21
85,0,1.14897e-55,-3.62951e-21
86,0,5.66366e-55,8.94342e-21
87,0,2.75288e-54,1.28913e-20
88,0,1.31958e-53,-1.15919e-20
89,0,6.23872e-53,-3.43335e-20
90,0,2.90953e-52,3.98566e-21
91,0,1.33866e-51,7.52707e-20
92,0,6.07697e-51,3.83098e-20
93,0,2.72224e-50,-1.348e-19
94,0,1.20347e-49,-1.67034e-19
95,0,5.25124e-49,1.74841e-19
96,0,2.2618e-48,4.65682e-19
97,0,9.6174e-48,-5.43236e-20
98,0,4.03754e-47,-1.00927e-18
99,0,1.67369e-46,-5.815e-19
100,0,6.85137e-46,1.69212e-18
101,0,2.7699e-45,2.40305e-18
102,0,1.10605e-44,-1.77829e-18
103,0,4.3627e-44,-6.25296e-18
104,0,1.69996e-43,-9.40089e-19
105,0,6.54438e-43,1.21485e-17
106,0,2.48932e-42,1.11016e-17
107,0,9.35645e-42,-1.63601e-17
108,0,3.47535e-41,-3.53212e-17
109,0,1.27578e-40,5.62686e-18
110,0,4.62894e-40,7.6208e-17
111,0,1.66015e-39,4.97696e-17
112,0,5.88581e-39,-1.13647e-16
113,0,2.06297e-38,-1.9376e-16
114,0,7.14891e-38,6.76366e-17
115,0,2.4495e-37,4.45803e-16
116,0,8.29923e-37,2.43496e-16
117,0,2.78068e-36,-6.81351e-16
118,0,9.21396e-36,-1.07732e-15
119,0,3.01964e-35,4.08438e-16
120,0,9.78823e-35,2.49935e-15
121,0,3.1385e-34,1.43416e-15
122,0,9.95495e-34,-3.63304e-15
123,0,3.12378e-33,-6.15143e-15
124,0,9.69777e-33,1.44369e-15
125,0,2.97881e-32,1.34018e-14
126,0,9.0535e-32,9.83042e-15
127,0,2.72283e-31,-1.67551e-14
128,0,8.10359e-31,-3.52484e-14
129,0,2.38679e-30,-1.76287e-15
130,0,6.95751e-30,6.6473e-14
131,0,2.00734e-29,6.92603e-14
132,0,5.73242e-29,-5.87047e-14
133,0,1.62042e-28,-1.92248e-13
134,0,4.53435e-28,-8.3398e-14
135,0,1.25609e-27,2.81531e-13
136,0,3.4448e-27,4.50913e-13
137,0,9.35341e-27,-6.31609e-14
138,0,2.51454e-26,-9.21363e-13
139,0,6.69347e-26,-8.61825e-13
140,0,1.76428e-25,8.11411e-13
141,0,4.605e-25,2.49973e-12
142,0,1.1903e-24,1.20961e-12
143,0,3.04694e-24,-3.34264e-12
144,0,7.72461e-24,-5.97019e-12
145,0,1.9396e-23,-4.69902e-13
146,0,4.82377e-23,1.05451e-11
147,0,1.18829e-22,1.28759e-11
148,0,2.89957e-22,-4.67706e-12
149,0,7.00877e-22,-2.91005e-11
150,0,1.67827e-21,-2.5351e-11
151,0,3.9812e-21,2.3449e-11
152,0,9.3565e-21,7.40195e-11
153,0,2.1786e-20,4.56755e-11
154,0,5.02599e-20,-7.93451e-11
155,0,1.14885e-19,-1.78746e-10
156,0,2.60208e-19,-7.50834e-11
157,0,5.83993e-19,2.29095e-10
158,0,1.29879e-18,4.18408e-10
159,0,2.86243e-18,1.12539e-10
160,0,6.25181e-18,-6.04296e-10
161,0,1.35322e-17,-9.64907e-10
162,0,2.90295e-17,-1.59502e-10
163,0,6.17209e-17,1.49948e-09
164,0,1.30065e-16,2.21936e-09
165,0,2.7167e-16,2.5689e-10
166,0,5.62457e-16,-3.54707e-09
167,0,1.15429e-15,-5.12905e-09
168,0,2.34821e-15,-6.46067e-10
169,0,4.73549e-15,8.02696e-09
170,0,9.46707e-15,1.19239e-08
171,0,1.8763e-14,2.33514e-09
172,0,3.68669e-14,-1.72852e-08
173,0,7.18182e-14,-2.77292e-08
174,0,1.3871e-13,-8.83865e-09
175,0,2.65625e-13,3.48434e-08
176,0,5.04352e-13,6.37396e-08
177,0,9.49539e-13,3.09384e-08
178,0,1.77264e-12,-6.34089e-08
179,0,3.28147e-12,-1.42299e-07
180,0,6.02378e-12,-9.81976e-08
181,0,1.09657e-11,9.52194e-08
182,0,1.97963e-11,3.01228e-07
183,0,3.54422e-11,2.82632e-07
184,0,6.29306e-11,-8.09199e-08
185,0,1.1082e-10,-5.83595e-07
186,0,1.93556e-10,-7.35469e-07
187,0,3.353e-10,-1.49026e-07
188,0,5.76123e-10,9.69846e-07
189,0,9.81889e-10,1.70838e-06
190,0,1.65992e-09,1.03676e-06
191,0,2.78359e-09,-1.15564e-06
192,0,4.63046e-09,-3.4359e-06
193,0,7.64116e-09,-3.47596e-06
194,0,1.2509e-08,4.22826e-08
195,0,2.03154e-08,5.55811e-06
196,0,3.27328e-08,8.67588e-06
197,0,5.23246e-08,5.00948e-06
198,0,8.29865e-08,-5.57621e-06
199,0,1.30587e-07,-1.66985e-05
200,0,2.03891e-07,-1.82007e-05
201,0,3.15873e-07,-3.66414e-06
202,0,4.85577e-07,2.19786e-05
203,0,7.40709e-07,4.14666e-05
204,0,1.12123e-06,3.45905e-05
205,0,1.68428e-06,-5.75927e-06
206,0,2.51083e-06,-6.16831e-05
207,0,3.71468e-06,-9.40811e-05
208,0,5.45429e-06,-6.53321e-05
209,0,7.94847e-06,2.99689e-05
210,0,1.14967e-05,0.000147305
211,0,1.65052e-05,0.000206053
212,0,2.35202e-05,0.000135827
213,0,3.327e-05,-6.74856e-05
214,0,4.67165e-05,-0.000313297
215,0,6.51194e-05,-0.00044495
216,0,9.01137e-05,-0.00032405
217,0,0.000123802,6.92714e-05
218,0,0.000168866,0.000581973
219,0,0.000228691,0.000928442
220,0,0.000307516,0.000826957
221,0,0.000410601,0.000174138
222,0,0.000544409,-0.000837943
223,0,0.000716809,-0.00174537
224,0,0.000937297,-0.00199706
225,0,0.00121722,-0.00123449
226,0,0.00157,0.000464806
227,0,0.00201139,0.00251558
228,0,0.00255965,0.00399502
229,0,0.00323578,0.00401364
230,0,0.00406367,0.00214175
231,0,0.00507022,-0.00129872
232,0,0.00628539,-0.00522747
233,0,0.00774218,-0.00812254
234,0,0.00947658,-0.00856255
235,0,0.0115273,-0.00579559
236,0,0.0139356,-0.000114269
237,0,0.0167448,0.00711619
238,0,0.0199998,0.0138021
239,0,0.0237464,0.0177273
240,0,0.0280309,0.017221
241,0,0.0328988,0.0116712
242,0,0.0383946,0.00173205
243,0,0.0445602,-0.0108207
244,0,0.0514347,-0.0235172
245,0,0.059053,-0.0337598
246,0,0.0674451,-0.0393605
247,0,0.0766355,-0.0389165
248,0,0.086642,-0.0319556
249,0,0.0974759,-0.0188594
250,0,0.109141,-0.000628147
251,0.0251301,0.121633,0.0214237
252,0.0502443,0.134941,0.0459548
253,0.0753268,0.149046,0.071809
254,0.100362,0.163922,0.0981272
255,0.125333,0.179535,0.124367
256,0.150226,0.195845,0.150258
257,0.175023,0.212808,0.175721
258,0.19971,0.230374,0.200786
259,0.224271,0.248488,0.225529
260,0.24869,0.267094,0.250024
261,0.272952,0.286132,0.27432
262,0.297042,0.305543,0.298444
263,0.320944,0.325265,0.322395
264,0.344643,0.345237,0.346163
265,0.368125,0.365402,0.369726
266,0.391374,0.3857,0.393065
267,0.414376,0.406077,0.416159
268,0.437116,0.42648,0.438991
269,0.45958,0.44686,0.461544
270,0.481754,0.467169,0.483805
271,0.503623,0.487364,0.505759
272,0.525175,0.507405,0.527393
273,0.546394,0.527255,0.548694
274,0.567269,0.54688,0.569649
275,0.587785,0.566249,0.590244
276,0.60793,0.585334,0.610466
277,0.627691,0.60411,0.630302
278,0.647056,0.622553,0.64974
279,0.666012,0.640641,0.668768
280,0.684547,0.658356,0.687374
281,0.70265,0.675679,0.705545
282,0.720309,0.692595,0.723271
283,0.737513,0.709088,0.74054
284,0.754251,0.725144,0.757341
285,0.770513,0.740752,0.773664
286,0.786288,0.755898,0.789498
287,0.801567,0.770571,0.804834
288,0.816339,0.784762,0.819661
289,0.830596,0.79846,0.83397
290,0.844328,0.811655,0.847753
291,0.857527,0.824339,0.861
292,0.870184,0.836504,0.873704
293,0.882291,0.848141,0.885855
294,0.893841,0.859243,0.897447
295,0.904827,0.869803,0.908472
296,0.915241,0.879813,0.918924
297,0.925077,0.889268,0.928795
298,0.934329,0.898161,0.938079
299,0.942991,0.906487,0.946771
300,0.951057,0.914241,0.954865
301,0.958522,0.921417,0.962355
302,0.965382,0.928012,0.969238
303,0.971632,0.93402,0.975509
304,0.977268,0.939438,0.981163
305,0.982287,0.944263,0.986198
306,0.986686,0.948491,0.99061
307,0.990461,0.95212,0.994396
308,0.993611,0.955148,0.997554
309,0.996134,0.957573,1.00008
310,0.998027,0.959393,1.00198
311,0.999289,0.960607,1.00324
312,0.999921,0.961214,1.00387
313,0.999921,0.961214,1.00387
314,0.999289,0.960607,1.00323
315,0.998027,0.959393,1.00196
316,0.996134,0.957573,1.00005
317,0.993611,0.955148,0.997516
318,0.990461,0.95212,0.99435
319,0.986686,0.948491,0.990555
320,0.982287,0.944263,0.986135
321,0.977268,0.939438,0.981092
322,0.971632,0.93402,0.975429
323,0.965382,0.928011,0.96915
324,0.958522,0.921417,0.962259
325,0.951057,0.914241,0.95476
326,0.942991,0.906487,0.946658
327,0.934329,0.898161,0.937958
328,0.925077,0.889267,0.928666
329,0.915241,0.879812,0.918787
330,0.904827,0.869801,0.908328
331,0.893841,0.859241,0.897295
332,0.882291,0.848137,0.885696
333,0.870184,0.836499,0.873537
334,0.857527,0.824332,0.860826
335,0.844328,0.811644,0.847572
336,0.830596,0.798443,0.833782
337,0.816339,0.784739,0.819465
338,0.801567,0.770538,0.804631
339,0.786288,0.755851,0.789289
340,0.770513,0.740686,0.773448
341,0.754251,0.725054,0.757119
342,0.737513,0.708964,0.740311
343,0.720309,0.692426,0.723036
344,0.70265,0.67545,0.705304
345,0.684547,0.658048,0.687127
346,0.666012,0.64023,0.668516
347,0.647056,0.622008,0.649482
348,0.627691,0.603393,0.630038
349,0.60793,0.584397,0.610197
350,0.587785,0.565032,0.589969
351,0.567269,0.54531,0.56937
352,0.546394,0.525243,0.54841
353,0.525175,0.504845,0.527104
354,0.503623,0.484128,0.505466
355,0.481754,0.463105,0.483508
356,0.45958,0.441789,0.461244
357,0.437116,0.420195,0.43869
358,0.414376,0.398335,0.415858
359,0.391374,0.376223,0.392763
360,0.368125,0.353874,0.369421
361,0.344643,0.331302,0.345845
362,0.320944,0.30852,0.322051
363,0.297042,0.285543,0.298053
364,0.272952,0.262386,0.273867
365,0.24869,0.239063,0.249508
366,0.224271,0.215589,0.224991
367,0.19971,0.191979,0.200333
368,0.175023,0.168248,0.175547
369,0.150226,0.14441,0.150651
370,0.125333,0.120482,0.12566
371,0.100362,0.0964767,0.10059
372,0.0753268,0.0724109,0.0754554
373,0.0502443,0.0482993,0.0502736
374,0.0251301,0.0241573,0.02506
375,1.22465e-16,0,-0.00016939
376,-0.0251301,-0.0241573,-0.0253987
377,-0.0502443,-0.0482993,-0.0506119
378,-0.0753268,-0.0724109,-0.0757932
379,-0.100362,-0.0964767,-0.100927
380,-0.125333,-0.120482,-0.125996
381,-0.150226,-0.14441,-0.150986
382,-0.175023,-0.168248,-0.175881
383,-0.19971,-0.191979,-0.200665
384,-0.224271,-0.215589,-0.225322
385,-0.24869,-0.239063,-0.249836
386,-0.272952,-0.262386,-0.274193
387,-0.297042,-0.285543,-0.298376
388,-0.320944,-0.30852,-0.322371
389,-0.344643,-0.331302,-0.346163
390,-0.368125,-0.353874,-0.369736
391,-0.391374,-0.376223,-0.393075
392,-0.414376,-0.398335,-0.416166
393,-0.437116,-0.420195,-0.438994
394,-0.45958,-0.441789,-0.461545
395,-0.481754,-0.463105,-0.483805
396,-0.503623,-0.484128,-0.505758
397,-0.525175,-0.504845,-0.527393
398,-0.546394,-0.525243,-0.548694
399,-0.567269,-0.54531,-0.569649
400,-0.587785,-0.565032,-0.590244
401,-0.60793,-0.584397,-0.610466
402,-0.627691,-0.603393,-0.630302
403,-0.647056,-0.622008,-0.64974
404,-0.666012,-0.64023,-0.668768
405,-0.684547,-0.658048,-0.687374
406,-0.70265,-0.67545,-0.705545
407,-0.720309,-0.692426,-0.723271
408,-0.737513,-0.708964,-0.74054
409,-0.754251,-0.725054,-0.757341
410,-0.770513,-0.740686,-0.773664
411,-0.786288,-0.755851,-0.789498
412,-0.801567,-0.770538,-0.804834
413,-0.816339,-0.784739,-0.819661
414,-0.830596,-0.798443,-0.83397
415,-0.844328,-0.811644,-0.847753
416,-0.857527,-0.824332,-0.861
417,-0.870184,-0.836499,-0.873704
418,-0.882291,-0.848137,-0.885855
419,-0.893841,-0.859241,-0.897447
420,-0.904827,-0.869801,-0.908472
421,-0.915241,-0.879812,-0.918924
422,-0.925077,-0.889267,-0.928795
423,-0.934329,-0.898161,-0.938079
424,-0.942991,-0.906487,-0.946771
425,-0.951057,-0.914241,-0.954865
426,-0.958522,-0.921417,-0.962355
427,-0.965382,-0.928011,-0.969238
428,-0.971632,-0.93402,-0.975509
429,-0.977268,-0.939438,-0.981163
430,-0.982287,-0.944263,-0.986198
431,-0.986686,-0.948491,-0.99061
432,-0.990461,-0.95212,-0.994397
433,-0.993611,-0.955148,-0.997555
434,-0.996134,-0.957573,-1.00008
435,-0.998027,-0.959393,-1.00198
436,-0.999289,-0.960607,-1.00324
437,-0.999921,-0.961214,-1.00387
438,-0.999921,-0.961214,-1.00387
439,-0.999289,-0.960607,-1.00323
440,-0.998027,-0.959393,-1.00196
441,-0.996134,-0.957573,-1.00005
442,-0.993611,-0.955148,-0.997512
443,-0.990461,-0.95212,-0.994347
444,-0.986686,-0.948491,-0.990557
445,-0.982287,-0.944263,-0.986142
446,-0.977268,-0.939438,-0.9811
447,-0.971632,-0.93402,-0.975431
448,-0.965382,-0.928012,-0.969141
449,-0.958522,-0.921417,-0.96224
450,-0.951057,-0.914241,-0.954745
451,-0.942991,-0.906487,-0.946661
452,-0.934329,-0.898161,-0.937987
453,-0.925077,-0.889268,-0.928708
454,-0.915241,-0.879813,-0.918813
455,-0.904827,-0.869803,-0.908308
456,-0.893841,-0.859243,-0.897222
457,-0.882291,-0.848141,-0.885605
458,-0.870184,-0.836504,-0.873493
459,-0.857527,-0.824339,-0.860886
460,-0.844328,-0.811655,-0.847738
461,-0.830596,-0.79846,-0.833977
462,-0.816339,-0.784762,-0.819556
463,-0.801567,-0.770571,-0.804503
464,-0.786288,-0.755898,-0.788938
465,-0.770513,-0.740752,-0.773023
466,-0.754251,-0.725144,-0.75688
467,-0.737513,-0.709088,-0.740498
468,-0.720309,-0.692595,-0.723701
469,-0.70265,-0.675679,-0.706216
470,-0.684547,-0.658356,-0.687814
471,-0.666012,-0.640641,-0.668472
472,-0.647056,-0.622553,-0.648453
473,-0.627691,-0.60411,-0.628248
474,-0.60793,-0.585334,-0.60837
475,-0.587785,-0.566249,-0.589091
476,-0.567269,-0.54688,-0.570239
477,-0.546394,-0.527255,-0.551182
478,-0.525175,-0.507405,-0.53104
479,-0.503623,-0.487364,-0.509053
480,-0.481754,-0.467169,-0.484967
481,-0.45958,-0.44686,-0.459257
482,-0.437116,-0.42648,-0.433067
483,-0.414376,-0.406077,-0.407861
484,-0.391374,-0.3857,-0.3849
485,-0.368125,-0.365402,-0.364734
486,-0.344643,-0.345237,-0.346908
487,-0.320944,-0.325265,-0.330009
488,-0.297042,-0.305543,-0.312028
489,-0.272952,-0.286132,-0.290954
490,-0.24869,-0.267094,-0.265372
491,-0.224271,-0.248488,-0.234899
492,-0.19971,-0.230374,-0.200329
493,-0.175023,-0.212808,-0.163453
494,-0.150226,-0.195845,-0.126641
495,-0.125333,-0.179535,-0.0923214
496,-0.100362,-0.163922,-0.0624992
497,-0.0753268,-0.149046,-0.0384344
498,-0.0502443,-0.134941,-0.0205296
499,-0.0251301,-0.121633,-0.00841418
500,-2.44929e-16,-0.109141,-0.0011647
501,0,-0.0974759,0.00241972
502,0,-0.086642,0.00356091
503,0,-0.0766355,0.0033142
504,0,-0.0674451,0.00246933
505,0,-0.059053,0.00153235
506,0,-0.0514347,0.000764925
507,0,-0.0445602,0.000252307
508,0,-0.0383946,-2.49604e-05
509,0,-0.0328988,-0.000131896
510,0,-0.0280309,-0.000139409
511,0,-0.0237464,-0.000103709
512,0,-0.0199998,-6.01642e-05
513,0,-0.0167448,-2.57285e-05
514,0,-0.0139356,-4.85072e-06
515,0,-0.0115273,4.54679e-06
516,0,-0.00947658,6.66526e-06
517,0,-0.00774218,5.34848e-06
518,0,-0.00628539,3.14738e-06
519,0,-0.00507022,1.3199e-06
520,0,-0.00406367,2.24976e-07
521,0,-0.00323578,-2.40258e-07
522,0,-0.00255965,-3.21725e-07
523,0,-0.00201139,-2.38307e-07
524,0,-0.00157,-1.25526e-07
525,0,-0.00121722,-4.21275e-08
526,0,-0.000937297,1.36498e-09
527,0,-0.000716809,1.54606e-08
528,0,-0.000544409,1.44134e-08
529,0,-0.000410601,8.65848e-09
530,0,-0.000307516,3.49105e-09
531,0,-0.000228691,4.77057e-10
532,0,-0.000168866,-6.76187e-10
533,0,-0.000123802,-7.78492e-10
534,0,-9.01137e-05,-5.02554e-10
535,0,-6.51194e-05,-2.15121e-10
536,0,-4.67165e-05,-3.89133e-11
537,0,-3.327e-05,3.12963e-11
538,0,-2.35202e-05,3.99189e-11
539,0,-1.65052e-05,2.59809e-11
540,0,-1.14967e-05,1.09103e-11
541,0,-7.94847e-06,1.79848e-12
542,0,-5.45429e-06,-1.67283e-12
543,0,-3.71468e-06,-1.9793e-12
544,0,-2.51083e-06,-1.21391e-12
545,0,-1.68428e-06,-4.62983e-13
546,0,-1.12123e-06,-4.31812e-14
547,0,-7.40709e-07,9.62355e-14
548,0,-4.85577e-07,9.31148e-14
549,0,-3.15873e-07,5.05193e-14
550,0,-2.03891e-07,1.57691e-14
551,0,-1.30587e-07,-1.08714e-15
552,0,-8.29865e-08,-5.26314e-15
553,0,-5.23246e-08,-3.99272e-15
554,0,-3.27328e-08,-1.79727e-15
555,0,-2.03154e-08,-3.63401e-16
556,0,-1.2509e-08,1.94288e-16
557,0,-7.64116e-09,2.52503e-16
558,0,-4.63046e-09,1.48371e-16
559,0,-2.78359e-09,5.00316e-17
560,0,-1.65992e-09,1.23591e-19
561,0,-9.81889e-10,-1.30164e-17
562,0,-5.76123e-10,-1.01334e-17
563,0,-3.353e-10,-4.45113e-18
564,0,-1.93556e-10,-8.08702e-19
565,0,-1.1082e-10,5.21783e-19
566,0,-6.29306e-11,6.02418e-19
567,0,-3.54422e-11,3.23432e-19
568,0,-1.97963e-11,9.16901e-20
569,0,-1.09657e-11,-1.23218e-20
570,0,-6.02378e-12,-3.19997e-20
571,0,-3.28147e-12,-2.06642e-20
572,0,-1.77264e-12,-7.36016e-21
573,0,-9.49539e-13,-3.40966e-22
574,0,-5.04352e-13,1.5437e-21
575,0,-2.65625e-13,1.20451e-21
576,0,-1.3871e-13,4.99172e-22
577,0,-7.18182e-14,7.05561e-23
578,0,-3.68669e-14,-6.85024e-23
579,0,-1.8763e-14,-6.55899e-23
580,0,-9.46707e-15,-3.03833e-23
581,0,-4.73549e-15,-6.06083e-24
582,0,-2.34821e-15,2.83783e-24
583,0,-1.15429e-15,3.39582e-24
584,0,-5.62457e-16,1.70984e-24
585,0,-2.7167e-16,4.04347e-25
586,0,-1.30065e-16,-1.12474e-25
587,0,-6.17209e-17,-1.69514e-25
588,0,-2.90295e-17,-9.05119e-26
589,0,-1.35322e-17,-2.34059e-26
590,0,-6.25181e-18,4.45926e-27
591,0,-2.86243e-18,8.24737e-27
592,0,-1.29879e-18,4.55471e-27
593,0,-5.83993e-19,1.22307e-27
594,0,-2.60208e-19,-1.88878e-28
595,0,-1.14885e-19,-3.93918e-28
596,0,-5.02599e-20,-2.19197e-28
597,0,-2.1786e-20,-5.86427e-29
598,0,-9.3565e-21,9.01346e-30
599,0,-3.9812e-21,1.85272e-29
600,0,-1.67827e-21,1.01134e-29
601,0,-7.00877e-22,2.59105e-30
602,0,-2.89957e-22,-4.80128e-31
603,0,-1.18829e-22,-8.57128e-31
604,0,-4.82377e-23,-4.47093e-31
605,0,-1.9396e-23,-1.04921e-31
606,0,-7.72461e-24,2.68747e-32
607,0,-3.04694e-24,3.8825e-32
608,0,-1.1903e-24,1.88731e-32
609,0,-4.605e-25,3.82254e-33
610,0,-1.76428e-25,-1.49086e-33
611,0,-6.69347e-26,-1.70984e-33
612,0,-2.51454e-26,-7.55872e-34
613,0,-9.35341e-27,-1.19647e-34
614,0,-3.4448e-27,7.91864e-35
615,0,-1.25609e-27,7.25947e-35
616,0,-4.53435e-28,2.84307e-35
617,0,-1.62042e-28,2.79214e-36
618,0,-5.73242e-29,-3.96199e-36
619,0,-2.00734e-29,-2.94365e-36
620,0,-6.95751e-30,-9.88067e-37
621,0,-2.38679e-30,-1.34342e-38
622,0,-8.10359e-31,1.85338e-37
623,0,-2.72283e-31,1.12799e-37
624,0,-9.0535e-32,3.08263e-38
625,0,-2.97881e-32,-3.62393e-39
626,0,-9.69777e-33,-8.06954e-39
627,0,-3.12378e-33,-4.03207e-39
628,0,-9.95495e-34,-8.10984e-40
629,0,-3.1385e-34,2.96182e-40
630,0,-9.78823e-35,3.25512e-40
631,0,-3.01964e-35,1.32e-40
632,0,-9.21396e-36,1.46668e-41
633,0,-2.78068e-36,-1.63512e-41
634,0,-8.29923e-37,-1.20838e-41
635,0,-2.4495e-37,-3.8358e-42
636,0,-7.14891e-38,6.5185e-44
637,0,-2.06297e-38,7.45796e-43
638,0,-5.88581e-39,4.08223e-43
639,0,-1.66015e-39,9.23895e-44
640,0,-4.62894e-40,-2.29267e-44
641,0,-1.27578e-40,-2.96142e-44
642,0,-3.47535e-41,-1.22977e-44
643,0,-9.35645e-42,-1.45596e-45
644,0,-2.48932e-42,1.41234e-45
645,0,-6.54438e-43,1.03843e-45
646,0,-1.69996e-43,3.16676e-46
647,0,-4.3627e-44,-1.20942e-47
648,0,-1.10605e-44,-6.28517e-47
649,0,-2.7699e-45,-3.19776e-47
650,0,-6.85137e-46,-6.21214e-48
651,0,-1.67369e-46,2.27251e-48
652,0,-4.03754e-47,2.30999e-48
653,0,-9.6174e-48,8.40739e-49
654,0,-2.2618e-48,4.69597e-50
655,0,-5.25124e-49,-1.20817e-49
656,0,-1.20347e-49,-7.22163e-50
657,0,-2.72224e-50,-1.73786e-50
658,0,-6.07697e-51,3.23741e-51
659,0,-1.33866e-51,4.67477e-51
660,0,-2.90953e-52,1.89646e-51
661,0,-6.23872e-53,1.95594e-52
662,0,-1.31958e-53,-2.19482e-52
663,0,-2.75288e-54,-1.469e-52
664,0,-5.66366e-55,-3.90376e-53
665,0,-1.14897e-55,4.51547e-54
666,0,-2.29807e-56,8.84806e-54
667,0,-4.53108e-57,3.78094e-54
668,0,-8.80567e-58,4.61373e-55
669,0,-1.68649e-58,-3.91147e-55
670,0,-3.18275e-59,-2.74715e-55
671,0,-5.91768e-60,-7.46723e-56
672,0,-1.08384e-60,7.38047e-57
673,0,-1.9551e-61,1.59203e-56
674,0,-3.47296e-62,6.78075e-57
675,0,-6.07405e-63,8.03648e-58
676,0,-1.04576e-63,-6.97564e-58
677,0,-1.77208e-64,-4.76393e-58
678,0,-2.95497e-65,-1.23764e-58
679,0,-4.84795e-66,1.52975e-59
680,0,-7.82378e-67,2.73296e-59
681,0,-1.24177e-67,1.09806e-59
682,0,-1.93794e-68,1.03152e-60
683,0,-2.97321e-69,-1.23667e-60
684,0,-4.48334e-70,-7.64868e-61
685,0,-6.64308e-71,-1.76378e-61
686,0,-9.67005e-72,3.47729e-62
687,0,-1.38253e-72,4.4391e-62
688,0,-1.9409e-73,1.59262e-62
689,0,-2.67485e-74,7.30565e-64
690,0,-3.61785e-75,-2.12178e-63
691,0,-4.80107e-76,-1.12488e-63
692,0,-6.2494e-77,-2.07634e-64
693,0,-7.97672e-78,7.45431e-65
694,0,-9.98079e-79,6.70827e-65
695,0,-1.22384e-79,2.02305e-65
696,0,-1.47014e-80,-7.15187e-67
697,0,-1.72951e-81,-3.41023e-66
698,0,-1.99188e-82,-1.48581e-66
699,0,-2.24502e-83,-1.77291e-67
700,0,-2.47532e-84,1.41467e-67
701,0,-2.66885e-85,9.22156e-68
702,0,-2.81266e-86,2.1434e-68
703,0,-2.89619e-87,-3.89523e-69
704,0,-2.91244e-88,-4.98351e-69
705,0,-2.85894e-89,-1.70601e-69
706,0,-2.73815e-90,-4.17838e-71
707,0,-2.55736e-91,2.32931e-70
708,0,-2.32796e-92,1.1206e-70
709,0,-2.06426e-93,1.65991e-71
710,0,-1.78197e-94,-8.90666e-72
711,0,-1.49664e-95,-6.44092e-72
712,0,-1.22216e-96,-1.59947e-72
713,0,-9.69693e-98,2.18119e-73
714,0,-7.47001e-99,3.29243e-73
715,0,-5.58284e-100,1.15373e-73
716,0,-4.04467e-101,3.90348e-75
717,0,-2.83813e-102,-1.4842e-74
718,0,-1.9271e-103,-7.12745e-75
719,0,-1.26496e-104,-1.02527e-75
720,0,-8.01858e-106,5.64255e-76
721,0,-4.90331e-107,3.93421e-76
722,0,-2.88892e-108,9.2303e-77
723,0,-1.63788e-109,-1.52952e-77
724,0,-8.92357e-111,-1.96734e-77
725,0,-4.66509e-112,-6.3966e-78
726,0,-2.33644e-113,-1.32569e-80
727,0,-1.1191e-114,8.8876e-79
728,0,-5.11662e-116,3.84953e-79
729,0,-2.22844e-117,4.18791e-80
730,0,-9.2244e-119,-3.54472e-80
731,0,-3.62e-120,-2.09564e-80
732,0,-1.34311e-121,-4.04848e-81
733,0,-4.69681e-123,1.16185e-81
734,0,-1.5427e-124,1.04895e-81
735,0,-4.74078e-126,2.84988e-82
736,0,-1.35698e-127,-2.29205e-83
737,0,-3.59942e-129,-4.84774e-83
738,0,-8.79532e-131,-1.72531e-83
739,0,-1.96611e-132,-6.60445e-85
740,0,-3.98745e-134,2.05622e-84
741,0,-7.26363e-136,9.46448e-85
742,0,-1.17379e-137,1.1711e-85
743,0,-1.65639e-139,-7.83804e-86
744,0,-1.99951e-141,-4.81091e-86
745,0,-2.00741e-143,-9.39886e-87
746,0,-1.60907e-145,2.53474e-87
747,0,-9.65414e-148,2.28944e-87
748,0,-3.85389e-150,6.02355e-88
749,0,-7.67708e-153,-5.63153e-89
750,0,-7.48244e-167,-1.02361e-88
751,0,0,-3.42309e-89
752,0,0,-4.63686e-91
753,0,0,4.29096e-90
754,0,0,1.79312e-90
755,0,0,1.63611e-91
756,0,0,-1.67138e-91
757,0,0,-8.81943e-92
758,0,0,-1.36662e-92
759,0,0,5.91893e-93
760,0,0,4.11318e-93
761,0,0,8.73543e-94
762,0,0,-1.80488e-94
763,0,0,-1.82852e-94
764,0,0,-4.90849e-95
765,0,0,3.93388e-96
766,0,0,7.76582e-96
767,0,0,2.54185e-96
768,0,0,1.26703e-98
769,0,0,-3.15006e-97
770,0,0,-1.24008e-97
771,0,0,-8.61645e-99
772,0,0,1.21658e-98
773,0,0,5.76915e-99
774,0,0,7.07746e-100
775,0,0,-4.44134e-100
776,0,0,-2.5783e-100
777,0,0,-4.37125e-101
778,0,0,1.51016e-101
779,0,0,1.11219e-101
780,0,0,2.37036e-102
781,0,0,-4.63284e-103
782,0,0,-4.64547e-103
783,0,0,-1.18735e-103
784,0,0,1.17948e-104
785,0,0,1.88271e-104
786,0,0,5.62406e-105
787,0,0,-1.7132e-106
788,0,0,-7.41302e-106
789,0,0,-2.55169e-106
790,0,0,-5.81833e-108
791,0,0,2.83737e-107
792,0,0,1.11784e-107
793,0,0,7.41639e-109
794,0,0,-1.05562e-108
795,0,0,-4.75373e-109
796,0,0,-4.91944e-110
797,0,0,3.81417e-110
798,0,0,1.97003e-110
799,0,0,2.68389e-111
800,0,0,-1.33604e-111
801,0,0,-7.9793e-112
802,0,0,-1.32369e-112
803,0,0,4.52272e-113
804,0,0,3.16601e-113
805,0,0,6.12048e-114
806,0,0,-1.47178e-114
807,0,0,-1.23295e-114
808,0,0,-2.70158e-115
809,0,0,4.56269e-116
810,0,0,4.72026e-116
811,0,0,1.15031e-116
812,0,0,-1.32541e-117
813,0,0,-1.7791e-117
814,0,0,-4.75619e-118
815,0,0,3.48645e-119
816,0,0,6.61014e-119
817,0,0,1.91836e-119
818,0,0,-7.59463e-121
819,0,0,-2.42393e-120
820,0,0,-7.57278e-121
821,0,0,9.01647e-123
822,0,0,8.78261e-122
823,0,0,2.93298e-122
824,0,0,3.26832e-124
825,0,0,-3.14775e-123
826,0,0,-1.11669e-123
827,0,0,-3.40519e-125
828,0,0,1.11715e-124
829,0,0,4.1859e-125
830,0,0,1.95838e-126
831,0,0,-3.93017e-126
832,0,0,-1.54677e-126
833,0,0,-9.35267e-128
834,0,0,1.37194e-127
835,0,0,5.64008e-128
836,0,0,4.05265e-129
837,0,0,-4.75668e-129
838,0,0,-2.03113e-129
839,0,0,-1.64886e-130
840,0,0,1.63949e-130
841,0,0,7.22906e-131
842,0,0,6.40542e-132
843,0,0,-5.62223e-132
844,0,0,-2.54429e-132
845,0,0,-2.39815e-133
846,0,0,1.91962e-133
847,0,0,8.85901e-134
848,0,0,8.70105e-135
849,0,0,-6.52953e-135
850,0,0,-3.05274e-135
851,0,0,-3.06963e-136
852,0,0,2.21357e-136
853,0,0,1.04132e-136
854,0,0,1.05499e-137
855,0,0,-7.48103e-138
856,0,0,-3.51674e-138
857,0,0,-3.53536e-139
858,0,0,2.52067e-139
859,0,0,1.17593e-139
860,0,0,1.15506e-140
861,0,0,-8.4666e-141
862,0,0,-3.89315e-141
863,0,0,-3.67559e-142
864,0,0,2.83413e-142
865,0,0,1.276e-142
866,0,0,1.13676e-143
867,0,0,-9.45062e-144
868,0,0,-4.13951e-144
869,0,0,-3.40428e-145
870,0,0,3.13755e-145
871,0,0,1.32884e-145
872,0,0,9.81089e-147
873,0,0,-1.0364e-146
874,0,0,-4.21953e-147
875,0,0,-2.69229e-148
876,0,0,3.40376e-148
877,0,0,1.32471e-148
878,0,0,6.89833e-150
879,0,0,-1.11059e-149
880,0,0,-4.10954e-150
881,0,0,-1.58235e-151
882,0,0,3.59727e-151
883,0,0,1.25888e-151
884,0,0,2.88339e-153
885,0,0,-1.15577e-152
886,0,0,-3.80476e-153
887,0,0,-1.90352e-155
888,0,0,3.68054e-154
889,0,0,1.1334e-154
890,0,0,-1.76642e-156
891,0,0,-1.16078e-155
892,0,0,-3.32362e-156
893,0,0,1.30978e-157
894,0,0,3.62281e-157
895,0,0,9.57925e-158
896,0,0,-6.44282e-159
897,0,0,-1.11806e-158
898,0,0,-2.70818e-159
899,0,0,2.71636e-160
900,0,0,3.40923e-160
901,0,0,7.49051e-161
902,0,0,-1.05102e-161
903,0,0,-1.02628e-161
904,0,0,-2.01963e-162
905,0,0,3.8394e-163
906,0,0,3.04724e-163
907,0,0,5.2811e-164
908,0,0,-1.3434e-164
909,0,0,-8.91588e-165
910,0,0,-1.32883e-165
911,0,0,4.53956e-166
912,0,0,2.56785e-166
913,0,0,3.17603e-167
914,0,0,-1.48899e-167
915,0,0,-7.27074e-168
916,0,0,-7.03975e-169
917,0,0,4.75598e-169
918,0,0,2.02089e-169
919,0,0,1.37176e-170
920,0,0,-1.48242e-170
921,0,0,-5.5037e-171
922,0,0,-1.98343e-172
923,0,0,4.51503e-172
924,0,0,1.46516e-172
925,0,0,1.63865e-176
926,0,0,-1.34474e-173
927,0,0,-3.80066e-174
928,0,0,1.58531e-175
929,0,0,3.91778e-175
930,0,0,9.56419e-176
931,0,0,-8.83239e-177
932,0,0,-1.11643e-176
933,0,0,-2.31955e-177
934,0,0,3.63799e-178
935,0,0,3.11038e-178
936,0,0,5.36533e-179
937,0,0,-1.31318e-179
938,0,0,-8.4646e-180
939,0,0,-1.16214e-180
940,0,0,4.37908e-181
941,0,0,2.24706e-181
942,0,0,2.27056e-182
943,0,0,-1.38051e-182
944,0,0,-5.80711e-183
945,0,0,-3.62369e-184
946,0,0,4.16329e-184
947,0,0,1.45669e-184
948,0,0,2.84304e-186
949,0,0,-1.20899e-185
950,0,0,-3.53143e-186
951,0,0,1.07341e-187
952,0,0,3.39308e-187
953,0,0,8.21876e-188
954,0,0,-7.56363e-189
955,0,0,-9.22043e-189
956,0,0,-1.81631e-189
957,0,0,3.16465e-190
958,0,0,2.42722e-190
959,0,0,3.73728e-191
960,0,0,-1.10774e-191
961,0,0,-6.1854e-192
962,0,0,-6.8702e-193
963,0,0,3.51391e-193
964,0,0,1.52289e-193
965,0,0,1.00596e-194
966,0,0,-1.04206e-194
967,0,0,-3.60948e-195
968,0,0,-5.80193e-197
969,0,0,2.93198e-196
970,0,0,8.1854e-197
971,0,0,-3.54035e-198
972,0,0,-7.88649e-198
973,0,0,-1.75762e-198
974,0,0,2.10595e-199
975,0,0,2.03531e-199
976,0,0,3.50572e-200
977,0,0,-8.08219e-201
978,0,0,-5.04462e-201
979,0,0,-6.23779e-202
980,0,0,2.62647e-202
981,0,0,1.1993e-202
982,0,0,8.85209e-204
983,0,0,-7.74962e-204
984,0,0,-2.72444e-204
985,0,0,-5.14653e-206
986,0,0,2.13444e-205
987,0,0,5.87011e-206
988,0,0,-2.75227e-207
989,0,0,-5.55869e-207
990,0,0,-1.18302e-207
991,0,0,1.59005e-208
992,0,0,1.37685e-208
993,0,0,2.16862e-209
994,0,0,-5.84174e-210
995,0,0,-3.24869e-210
996,0,0,-3.38001e-211
997,0,0,1.8079e-211
998,0,0,7.2964e-212
999,0,0,2.66625e-213
1000,0,0,0

0,0,0,0
1,0,2.3453e-303,0
2,0,2.34999e-300,1.24807e-69
3,0,1.17617e-297,-5.01487e-69
4,0,3.92061e-295,-7.52239e-69
5,0,9.79183e-293,2.62218e-68
6,0,1.95448e-290,2.21804e-68
7,0,3.24776e-288,-1.0064e-67
8,0,4.6212e-286,-4.64234e-68
9,0,5.74778e-284,3.33976e-67
10,0,6.34831e-282,5.59517e-68
11,0,6.3041e-280,-1.01336e-66
12,0,5.68538e-278,8.48639e-68
13,0,4.69538e-276,2.88675e-66
14,0,3.57589e-274,-9.07502e-67
15,0,2.52624e-272,-7.83597e-66
16,0,1.66405e-270,4.21026e-66
17,0,1.02657e-268,2.04543e-65
18,0,5.95452e-267,-1.55862e-65
19,0,3.25867e-265,-5.16519e-65
20,0,1.68778e-263,5.14824e-65
21,0,8.29608e-262,1.2669e-64
22,0,3.87973e-260,-1.58336e-64
23,0,1.73016e-258,-3.0264e-64
24,0,7.37267e-257,4.63258e-64
25,0,3.00773e-255,7.05299e-64
26,0,1.17674e-253,-1.30574e-63
27,0,4.42231e-252,-1.60495e-63
28,0,1.59876e-250,3.57468e-63
29,0,5.56776e-249,3.56649e-63
30,0,1.87022e-247,-9.55981e-63
31,0,6.06652e-246,-7.73394e-63
32,0,1.90239e-244,2.50798e-62
33,0,5.77336e-243,1.63385e-62
34,0,1.69725e-241,-6.47544e-62
35,0,4.83787e-240,-3.35254e-62
36,0,1.33822e-238,1.6497e-61
37,0,3.59515e-237,6.6486e-62
38,0,9.38776e-236,-4.15573e-61
39,0,2.38439e-234,-1.26389e-61
40,0,5.89472e-233,1.03694e-60
41,0,1.4194e-231,2.27034e-61
42,0,3.33099e-230,-2.56662e-60
43,0,7.62303e-229,-3.74857e-61
44,0,1.70221e-227,6.30979e-60
45,0,3.71076e-226,5.33405e-61
46,0,7.90138e-225,-1.54231e-59
47,0,1.64417e-223,-5.21899e-61
48,0,3.34501e-222,3.75163e-59
49,0,6.65661e-221,-2.38888e-61
50,0,1.29629e-219,-9.08812e-59
51,0,2.47128e-218,3.29481e-60
52,0,4.61413e-217,2.19375e-58
53,0,8.44053e-216,-1.2263e-59
54,0,1.51329e-214,-5.27896e-58
55,0,2.66013e-213,3.44914e-59
56,0,4.58625e-212,1.26674e-57
57,0,7.75769e-211,-8.18155e-59
58,0,1.28784e-209,-3.03157e-57
59,0,2.09887e-208,1.62726e-58
60,0,3.35911e-207,7.23599e-57
61,0,5.28089e-206,-2.36221e-58
62,0,8.15742e-205,-1.72235e-56
63,0,1.23845e-203,2.64936e-59
64,0,1.8484e-202,4.0872e-56
65,0,2.71277e-201,1.61907e-57
66,0,3.91595e-200,-9.66575e-56
67,0,5.56122e-199,-8.77897e-57
68,0,7.77161e-198,2.27675e-55
69,0,1.06895e-196,3.46544e-56
70,0,1.44744e-195,-5.33785e-55
71,0,1.92988e-194,-1.19587e-55
72,0,2.53419e-193,1.24459e-54
73,0,3.278e-192,3.81849e-55
74,0,4.17758e-191,-2.88306e-54
75,0,5.24648e-190,-1.15721e-54
76,0,6.49405e-189,6.62707e-54
77,0,7.92402e-188,3.37394e-54
78,0,9.53307e-187,-1.50937e-53
79,0,1.13097e-185,-9.54055e-54
80,0,1.32333e-184,3.40015e-53
81,0,1.5274e-183,2.62986e-53
82,0,1.73931e-182,-7.55888e-53
83,0,1.95436e-181,-7.09037e-53
84,0,2.16719e-180,1.65359e-52
85,0,2.37203e-179,1.87386e-52
86,0,2.56291e-178,-3.54598e-52
87,0,2.73399e-177,-4.86127e-52
88,0,2.87984e-176,7.41377e-52
89,0,2.99575e-175,1.23898e-51
90,0,3.07796e-174,-1.49908e-51
91,0,3.12389e-173,-3.10333e-51
92,0,3.13225e-172,2.8932e-51
93,0,3.10311e-171,7.63853e-51
94,0,3.03787e-170,-5.20264e-51
95,0,2.93915e-169,-1.8467e-50
96,0,2.81063e-168,8.26515e-51
97,0,2.65682e-167,4.38118e-50
98,0,2.48282e-166,-9.81572e-51
99,0,2.29401e-165,-1.01853e-49
100,0,2.09586e-164,3.32723e-52
101,0,1.89359e-163,2.31544e-49
102,0,1.69203e-162,5.1547e-50
103,0,1.49546e-161,-5.13183e-49
104,0,1.30745e-160,-2.37768e-49
105,0,1.13084e-159,1.10405e-48
106,0,9.67698e-159,8.08704e-49
107,0,8.19373e-158,-2.29042e-48
108,0,6.86538e-157,-2.40951e-48
109,0,5.6928e-156,4.53349e-48
110,0,4.67199e-155,6.62697e-48
111,0,3.79516e-154,-8.40248e-48
112,0,3.05171e-153,-1.71987e-47
113,0,2.42929e-152,1.40351e-47
114,0,1.91457e-151,4.25532e-47
115,0,1.494e-150,-1.90849e-47
116,0,1.15439e-149,-1.00814e-46
117,0,8.83297e-149,1.24124e-47
118,0,6.69343e-148,2.28818e-46
119,0,5.02351e-147,4.31916e-47
120,0,3.73433e-146,-4.96107e-46
121,0,2.74977e-145,-2.54639e-46
122,0,2.0058e-144,1.02017e-45
123,0,1.44949e-143,9.01452e-46
124,0,1.03779e-142,-1.96169e-45
125,0,7.36201e-142,-2.66294e-45
126,0,5.17493e-141,3.42628e-45
127,0,3.60463e-140,7.08443e-45
128,0,2.48824e-139,-5.06194e-45
129,0,1.70226e-138,-1.74499e-44
130,0,1.15421e-137,4.81315e-45
131,0,7.7571e-137,4.02023e-44
132,0,5.16763e-136,4.42477e-45
133,0,3.41261e-135,-8.66765e-44
134,0,2.23413e-134,-4.29303e-44
135,0,1.45005e-133,1.73429e-43
136,0,9.33108e-133,1.62209e-43
137,0,5.95359e-132,-3.1502e-43
138,0,3.76658e-131,-4.81509e-43
139,0,2.36298e-130,4.91735e-43
140,0,1.47007e-129,1.25338e-42
141,0,9.06996e-129,-5.48605e-43
142,0,5.54986e-128,-2.96055e-42
143,0,3.36813e-127,-7.13003e-44
144,0,2.02744e-126,6.40163e-42
145,0,1.21054e-125,2.95132e-42
146,0,7.16977e-125,-1.25764e-41
147,0,4.21253e-124,-1.20088e-41
148,0,2.45535e-123,2.17903e-41
149,0,1.41983e-122,3.58992e-41
150,0,8.14578e-122,-3.04946e-41
151,0,4.6368e-121,-9.16433e-41
152,0,2.61887e-120,2.25553e-41
153,0,1.4677e-119,2.07988e-40
154,0,8.16218e-119,5.14522e-41
155,0,4.50443e-118,-4.21773e-40
156,0,2.46692e-117,-3.17177e-40
157,0,1.34082e-116,7.47022e-40
158,0,7.23273e-116,1.05261e-39
159,0,3.87229e-115,-1.06652e-39
160,0,2.05771e-114,-2.79267e-39
161,0,1.08534e-113,8.39789e-40
162,0,5.68242e-113,6.39074e-39
163,0,2.95325e-112,1.56076e-39
164,0,1.52364e-111,-1.27724e-38
165,0,7.80361e-111,-1.0135e-38
166,0,3.96786e-110,2.16605e-38
167,0,2.00299e-109,3.32676e-38
168,0,1.00388e-108,-2.76549e-38
169,0,4.99544e-108,-8.57075e-38
170,0,2.46817e-107,1.06554e-38
171,0,1.21087e-106,1.87015e-37
172,0,5.8987e-106,8.36543e-38
173,0,2.85343e-105,-3.46268e-37
174,0,1.3707e-104,-3.75967e-37
175,0,6.53876e-104,5.09431e-37
176,0,3.09771e-103,1.08876e-36
177,0,1.45745e-102,-4.25009e-37
178,0,6.81028e-102,-2.53587e-36
179,0,3.1606e-101,-6.34492e-37
180,0,1.45687e-100,4.92015e-36
181,0,6.67006e-100,4.33092e-36
182,0,3.03327e-99,-7.60407e-36
183,0,1.37017e-98,-1.37476e-35
184,0,6.14806e-98,7.24371e-36
185,0,2.74037e-97,3.31663e-35
186,0,1.21339e-96,5.99682e-36
187,0,5.33739e-96,-6.50211e-35
188,0,2.33239e-95,-5.43295e-35
189,0,1.01258e-94,9.94316e-35
190,0,4.36745e-94,1.7744e-34
191,0,1.87157e-93,-8.8662e-35
192,0,7.9685e-93,-4.25198e-34
193,0,3.37094e-92,-1.01245e-34
194,0,1.4169e-91,8.07892e-34
195,0,5.9177e-91,7.55899e-34
196,0,2.45586e-90,-1.14492e-33
197,0,1.01274e-89,-2.3391e-33
198,0,4.15007e-89,7.29759e-34
199,0,1.68997e-88,5.3012e-33
200,0,6.83883e-88,2.2255e-33
201,0,2.75026e-87,-9.26595e-33
202,0,1.09917e-86,-1.11335e-32
203,0,4.36582e-86,1.09317e-32
204,0,1.7234e-85,3.05627e-32
205,0,6.7614e-85,-8.15339e-35
206,0,2.63649e-84,-6.21946e-32
207,0,1.0218e-83,-4.55362e-32
208,0,3.93607e-83,9.24833e-32
209,0,1.50705e-82,1.61101e-31
210,0,5.73551e-82,-6.65057e-32
211,0,2.16971e-81,-3.75816e-31
212,0,8.15885e-81,-1.50766e-31
213,0,3.04973e-80,6.42963e-31
214,0,1.1332e-79,7.97541e-31
215,0,4.18578e-79,-6.77663e-31
216,0,1.53701e-78,-2.13003e-30
217,0,5.61074e-78,-3.0538e-31
218,0,2.03616e-77,4.03159e-30
219,0,7.34619e-77,3.8032e-30
220,0,2.63499e-76,-5.03842e-30
221,0,9.39659e-76,-1.16372e-29
222,0,3.33154e-75,6.81564e-31
223,0,1.17439e-74,2.37573e-29
224,0,4.11603e-74,1.80091e-29
225,0,1.43434e-73,-3.24973e-29
226,0,4.96985e-73,-6.25826e-29
227,0,1.71221e-72,1.25996e-29
228,0,5.86548e-72,1.34574e-28
229,0,1.99797e-71,8.79188e-29
230,0,6.76739e-71,-1.92008e-28
231,0,2.27934e-70,-3.3652e-28
232,0,7.63411e-70,9.18763e-29
233,0,2.5426e-69,7.41993e-28
234,0,8.42121e-69,4.58866e-28
235,0,2.77368e-68,-1.06107e-27
236,0,9.08508e-68,-1.82587e-27
237,0,2.95938e-67,4.81364e-28
238,0,9.58694e-67,4.00106e-27
239,0,3.08867e-66,2.60133e-27
240,0,9.89655e-66,-5.50376e-27
241,0,3.15372e-65,-1.00033e-26
242,0,9.99533e-65,1.73164e-27
243,0,3.15073e-64,2.10453e-26
244,0,9.87811e-64,1.57606e-26
245,0,3.08028e-63,-2.64833e-26
246,0,9.55363e-63,-5.48971e-26
247,0,2.94723e-62,6.55375e-28
248,0,9.04342e-62,1.06859e-25
249,0,2.76015e-61,9.83489e-26
250,0,8.37953e-61,-1.14173e-25
251,0,2.53046e-60,-2.97143e-25
252,0,7.60116e-60,-6.12584e-26
253,0,2.27125e-59,5.13321e-25
254,0,6.75092e-59,6.0814e-25
255,0,1.99608e-58,-4.01064e-25
256,0,5.87108e-58,-1.55233e-24
257,0,1.71786e-57,-7.37154e-25
258,0,5.00027e-57,2.24935e-24
259,0,1.44791e-56,3.60859e-24
260,0,4.17097e-56,-7.40709e-25
261,0,1.19533e-55,-7.60358e-24
262,0,3.40797e-55,-6.13782e-24
263,0,9.6665e-55,8.32253e-24
264,0,2.72781e-54,1.99806e-23
265,0,7.65834e-54,4.33972e-24
266,0,2.13913e-53,-3.34194e-23
267,0,5.94467e-53,-4.21409e-23
268,0,1.64365e-52,2.00807e-23
269,0,4.52159e-52,1.00007e-22
270,0,1.23759e-51,6.5147e-23
271,0,3.37031e-51,-1.20647e-22
272,0,9.13224e-51,-2.47616e-22
273,0,2.46209e-50,-3.20909e-23
274,0,6.60475e-50,4.30053e-22
275,0,1.76294e-49,5.12585e-22
276,0,4.68225e-49,-2.61403e-22
277,0,1.2374e-48,-1.23354e-21
278,0,3.25395e-48,-8.28187e-22
279,0,8.51457e-48,1.40789e-21
280,0,2.21701e-47,3.05239e-21
281,0,5.74426e-47,6.84163e-22
282,0,1.48103e-46,-4.91331e-21
283,0,3.79982e-46,-6.61636e-21
284,0,9.70145e-46,1.84312e-21
285,0,2.46484e-45,1.42325e-20
286,0,6.23196e-45,1.22974e-20
287,0,1.56801e-44,-1.25744e-20
288,0,3.92614e-44,-3.65785e-20
289,0,9.78317e-44,-1.77578e-20
290,0,2.42603e-43,4.71297e-20
291,0,5.98713e-43,8.5539e-20
292,0,1.47046e-42,1.05248e-20
293,0,3.59419e-42,-1.44168e-19
294,0,8.74318e-42,-1.83394e-19
295,0,2.11671e-41,5.26454e-20
296,0,5.10015e-41,3.9373e-19
297,0,1.22303e-40,3.58287e-19
298,0,2.91896e-40,-2.98927e-19
299,0,6.93362e-40,-9.95626e-19
300,0,1.63922e-39,-6.20918e-19
301,0,3.85713e-39,1.06967e-18
302,0,9.03328e-39,2.37593e-18
303,0,2.10564e-38,8.78313e-19
304,0,4.88522e-38,-3.22872e-18
305,0,1.12811e-37,-5.41391e-18
306,0,2.59291e-37,-6.75879e-19
307,0,5.93195e-37,8.87534e-18
308,0,1.35078e-36,1.18776e-17
309,0,3.06165e-36,-1.4975e-18
310,0,6.90735e-36,-2.2968e-17
311,0,1.55116e-35,-2.5259e-17
312,0,3.46733e-35,9.96483e-18
313,0,7.7149e-35,5.69904e-17
314,0,1.7087e-34,5.24065e-17
315,0,3.76711e-34,-3.60989e-17
316,0,8.26718e-34,-1.37198e-16
317,0,1.80601e-33,-1.0685e-16
318,0,3.92732e-33,1.08199e-16
319,0,8.50146e-33,3.23155e-16
320,0,1.83195e-32,2.16024e-16
321,0,3.9297e-32,-2.93818e-16
322,0,8.39143e-32,-7.4946e-16
323,0,1.7838e-31,-4.38144e-16
324,0,3.7748e-31,7.48731e-16
325,0,7.9521e-31,1.71975e-15
326,0,1.66768e-30,9.04235e-16
327,0,3.48172e-30,-1.82085e-15
328,0,7.23643e-30,-3.91829e-15
329,0,1.4973e-29,-1.92738e-15
330,0,3.08427e-29,4.26181e-15
331,0,6.32494e-29,8.88405e-15
332,0,1.29129e-28,4.2922e-15
333,0,2.62459e-28,-9.63374e-15
334,0,5.3109e-28,-2.00626e-14
335,0,1.06992e-27,-1.00219e-14
336,0,2.1459e-27,2.10239e-14
337,0,4.28497e-27,4.51004e-14
338,0,8.51867e-27,2.43834e-14
339,0,1.6861e-26,-4.41014e-14
340,0,3.32264e-26,-1.0072e-13
341,0,6.51894e-26,-6.101e-14
342,0,1.27341e-25,8.80519e-14
343,0,2.47661e-25,2.22681e-13
344,0,4.79569e-25,1.54588e-13
345,0,9.24592e-25,-1.64091e-13
346,0,1.77483e-24,-4.84951e-13
347,0,3.39216e-24,-3.91108e-13
348,0,6.45522e-24,2.73696e-13
349,0,1.2231e-23,1.03327e-12
350,0,2.30747e-23,9.76669e-13
351,0,4.33443e-23,-3.63781e-13
352,0,8.10691e-23,-2.13421e-12
353,0,1.50976e-22,-2.38494e-12
354,0,2.79958e-22,1.89975e-13
355,0,5.16909e-22,4.21788e-12
356,0,9.50327e-22,5.64891e-12
357,0,1.73969e-21,1.04934e-12
358,0,3.17115e-21,-7.81361e-12
359,0,5.75583e-21,-1.28729e-11
360,0,1.04028e-20,-5.59451e-12
361,0,1.87216e-20,1.30627e-11
362,0,3.35499e-20,2.79537e-11
363,0,5.98684e-20,1.90347e-11
364,0,1.06381e-19,-1.79865e-11
365,0,1.88233e-19,-5.70815e-11
366,0,3.3166e-19,-5.3945e-11
367,0,5.81916e-19,1.36876e-11
368,0,1.01671e-18,1.07301e-10
369,0,1.76893e-18,1.35567e-10
370,0,3.0648e-18,2.68903e-11
371,0,5.28777e-18,-1.78267e-10
372,0,9.08501e-18,-3.07364e-10
373,0,1.5544e-17,-1.71265e-10
374,0,2.64844e-17,2.3614e-10
375,0,4.49374e-17,6.26247e-10
376,0,7.59309e-17,5.62647e-10
377,0,1.27769e-16,-1.49611e-10
378,0,2.14107e-16,-1.118e-09
379,0,3.57304e-16,-1.45306e-09
380,0,5.93812e-16,-4.36123e-10
381,0,9.82803e-16,1.62816e-09
382,0,1.61992e-15,3.16768e-09
383,0,2.65909e-15,2.28435e-09
384,0,4.34696e-15,-1.46333e-09
385,0,7.07711e-15,-5.82078e-09
386,0,1.14748e-14,-6.68457e-09
387,0,1.85293e-14,-1.26211e-09
388,0,2.97987e-14,8.43288e-09
389,0,4.77269e-14,1.50545e-08
390,0,7.61306e-14,1.03946e-08
391,0,1.20945e-13,-7.01591e-09
392,0,1.9136e-13,-2.69989e-08
393,0,3.01547e-13,-3.15908e-08
394,0,4.73258e-13,-8.29565e-09
395,0,7.39751e-13,3.52673e-08
396,0,1.15164e-12,6.8458e-08
397,0,1.78567e-12,5.48255e-08
398,0,2.75761e-12,-1.69177e-08
399,0,4.24151e-12,-1.10142e-07
400,0,6.49778e-12,-1.50413e-07
401,0,9.91445e-12,-7.46537e-08
402,0,1.50673e-11,1.06718e-07
403,0,2.28068e-11,2.84061e-07
404,0,3.43845e-11,2.98503e-07
405,0,5.16334e-11,5.80539e-08
406,0,7.72275e-11,-3.51378e-07
407,0,1.15051e-10,-6.57886e-07
408,0,1.7072e-10,-5.50556e-07
409,0,2.52326e-10,7.5189e-08
410,0,3.71469e-10,9.37073e-07
411,0,5.44716e-10,1.42797e-06
412,0,7.95623e-10,9.72173e-07
413,0,1.15754e-09,-4.91218e-07
414,0,1.6775e-09,-2.23547e-06
415,0,2.42152e-09,-2.98914e-06
416,0,3.48187e-09,-1.71209e-06
417,0,4.98703e-09,1.48992e-06
418,0,7.11507e-09,4.96818e-06
419,0,1.01118e-08,6.1617e-06
420,0,1.43149e-08,3.17574e-06
421,0,2.01866e-08,-3.51741e-06
422,0,2.8357e-08,-1.04802e-05
423,0,3.96807e-08,-1.26726e-05
424,0,5.53127e-08,-6.51036e-06
425,0,7.68067e-08,6.9732e-06
426,0,1.06244e-07,2.10898e-05
427,0,1.46402e-07,2.60837e-05
428,0,2.00969e-07,1.48166e-05
429,0,2.74823e-07,-1.13106e-05
430,0,3.74388e-07,-4.01789e-05
431,0,5.08091e-07,-5.32736e-05
432,0,6.86931e-07,-3.57951e-05
433,0,9.25213e-07,1.22246e-05
434,0,1.24145e-06,7.07574e-05
435,0,1.65952e-06,0.000105831
436,0,2.21006e-06,8.64843e-05
437,0,2.93222e-06,5.31394e-06
438,0,3.87582e-06,-0.000109113
439,0,5.10401e-06,-0.000198101
440,0,6.69641e-06,-0.000198788
441,0,8.75309e-06,-8.05185e-05
442,0,1.13991e-05,0.000126979
443,0,1.47904e-05,0.000332419
444,0,1.912e-05,0.000416931
445,0,2.46264e-05,0.000293382
446,0,3.16028e-05,-3.55871e-05
447,0,4.04077e-05,-0.000453279
448,0,5.1478e-05,-0.000760321
449,0,6.53438e-05,-0.000758676
450,0,8.26449e-05,-0.000356559
451,0,0.000104151,0.000355638
452,0,0.000130782,0.00110423
453,0,0.000163637,0.00152344
454,0,0.000204016,0.00131378
455,0,0.000253456,0.000404201
456,0,0.000313765,-0.000959568
457,0,0.000387057,-0.00225736
458,0,0.000475794,-0.00287344
459,0,0.000582834,-0.00235565
460,0,0.000711471,-0.00065233
461,0,0.000865492,0.00178171
462,0,0.00104923,0.00407877
463,0,0.00126761,0.00524381
464,0,0.00152621,0.00454199
465,0,0.00183132,0.00184407
466,0,0.00219,-0.0022159
467,0,0.00261013,-0.00635806
468,0,0.00310046,-0.00903887
469,0,0.00367065,-0.00898427
470,0,0.00433134,-0.00569262
471,0,0.00509415,0.000278627
472,0,0.00597173,0.00736519
473,0,0.00697779,0.0133984
474,0,0.00812707,0.0162489
475,0,0.00943533,0.0145141
476,0,0.0109194,0.00803022
477,0,0.012597,-0.00196276
478,0,0.0144869,-0.0130686
479,0,0.0166086,-0.0223339
480,0,0.0189823,-0.0270317
481,0,0.0216291,-0.0254083
482,0,0.0245703,-0.0171855
483,0,0.0278277,-0.00368559
484,0,0.0314234,0.0124475
485,0,0.0353793,0.027846
486,0,0.0397172,0.0391745
487,0,0.0444584,0.0438516
488,0,0.0496239,0.0405718
489,0,0.0552334,0.0295235
490,0,0.0613057,0.012283
491,0,0.0678585,-0.00855592
492,0,0.0749076,-0.0299101
493,0,0.0824671,-0.0487601
494,0,0.0905494,-0.0626163
495,0,0.0991644,-0.0698192
496,0,0.10832,-0.0696478
497,0,0.118021,-0.062251
498,0,0.12827,-0.0484524
499,0,0.139066,-0.0294917
500,0,0.150408,-0.00676338
501,0.0251301,0.162289,0.0184009
502,0.0502443,0.174699,0.0448794
503,0.0753268,0.187628,0.071833
504,0.100362,0.201062,0.0987117
505,0.125333,0.214982,0.125216
506,0.150226,0.22937,0.151236
507,0.175023,0.244202,0.176778
508,0.19971,0.259455,0.201912
509,0.224271,0.275102,0.226723
510,0.24869,0.291115,0.251285
511,0.272952,0.307462,0.275648
512,0.297042,0.324113,0.299838
513,0.320944,0.341035,0.323859
514,0.344643,0.358194,0.3477
515,0.368125,0.375555,0.371343
516,0.391374,0.393083,0.394766
517,0.414376,0.410743,0.417948
518,0.437116,0.428499,0.440869
519,0.45958,0.446317,0.463512
520,0.481754,0.46416,0.485862
521,0.503623,0.481996,0.507902
522,0.525175,0.499789,0.529621
523,0.546394,0.517508,0.551004
524,0.567269,0.53512,0.572039
525,0.587785,0.552595,0.592713
526,0.60793,0.569902,0.613012
527,0.627691,0.587014,0.632924
528,0.647056,0.603902,0.652436
529,0.666012,0.620541,0.671536
530,0.684547,0.636906,0.690212
531,0.70265,0.652974,0.708453
532,0.720309,0.668722,0.726245
533,0.737513,0.68413,0.743579
534,0.754251,0.699177,0.760444
535,0.770513,0.713846,0.776828
536,0.786288,0.728118,0.792721
537,0.801567,0.741978,0.808114
538,0.816339,0.75541,0.822996
539,0.830596,0.768401,0.837359
540,0.844328,0.780936,0.851192
541,0.857527,0.793004,0.864488
542,0.870184,0.804593,0.877238
543,0.882291,0.815693,0.889434
544,0.893841,0.826293,0.901068
545,0.904827,0.836384,0.912133
546,0.915241,0.845958,0.922621
547,0.925077,0.855007,0.932527
548,0.934329,0.863524,0.941844
549,0.942991,0.871501,0.950566
550,0.951057,0.878933,0.958688
551,0.958522,0.885814,0.966204
552,0.965382,0.892139,0.97311
553,0.971632,0.897904,0.979402
554,0.977268,0.903103,0.985074
555,0.982287,0.907735,0.990125
556,0.986686,0.911794,0.99455
557,0.990461,0.915278,0.998347
558,0.993611,0.918186,1.00151
559,0.996134,0.920514,1.00405
560,0.998027,0.922261,1.00595
561,0.999289,0.923426,1.00721
562,0.999921,0.924009,1.00784
563,0.999921,0.924008,1.00783
564,0.999289,0.923424,1.00718
565,0.998027,0.922256,1.0059
566,0.996134,0.920506,1.00399
567,0.993611,0.918175,1.00144
568,0.990461,0.915264,0.998253
569,0.986686,0.911775,0.994439
570,0.982287,0.90771,0.989997
571,0.977268,0.903072,0.98493
572,0.971632,0.897864,0.979241
573,0.965382,0.892088,0.972933
574,0.958522,0.885749,0.96601
575,0.951057,0.87885,0.958478
576,0.942991,0.871397,0.95034
577,0.934329,0.863393,0.941602
578,0.925077,0.854843,0.932269
579,0.915241,0.845754,0.922347
580,0.904827,0.836131,0.911843
581,0.893841,0.825979,0.900763
582,0.882291,0.815306,0.889113
583,0.870184,0.804118,0.876903
584,0.857527,0.792421,0.864138
585,0.844328,0.780225,0.850828
586,0.830596,0.767535,0.83698
587,0.816339,0.754361,0.822603
588,0.801567,0.74071,0.807707
589,0.786288,0.726592,0.792301
590,0.770513,0.712014,0.776394
591,0.754251,0.696987,0.759997
592,0.737513,0.68152,0.74312
593,0.720309,0.665622,0.725774
594,0.70265,0.649303,0.707969
595,0.684547,0.632575,0.689717
596,0.666012,0.615447,0.671029
597,0.647056,0.59793,0.651917
598,0.627691,0.580036,0.632394
599,0.60793,0.561775,0.612471
600,0.587785,0.543159,0.592162
601,0.567269,0.524201,0.571478
602,0.546394,0.504911,0.550434
603,0.525175,0.485302,0.529041
604,0.503623,0.465387,0.507315
605,0.481754,0.445178,0.485268
606,0.45958,0.424688,0.462915
607,0.437116,0.403929,0.440269
608,0.414376,0.382915,0.417345
609,0.391374,0.36166,0.394158
610,0.368125,0.340176,0.370722
611,0.344643,0.318477,0.347051
612,0.320944,0.296577,0.323161
613,0.297042,0.27449,0.299068
614,0.272952,0.252229,0.274785
615,0.24869,0.229809,0.250329
616,0.224271,0.207244,0.225714
617,0.19971,0.184548,0.200957
618,0.175023,0.161735,0.176073
619,0.150226,0.13882,0.151078
620,0.125333,0.115818,0.125988
621,0.100362,0.092742,0.100818
622,0.0753268,0.0696078,0.0755838
623,0.0502443,0.0464297,0.0503023
624,0.0251301,0.0232222,0.024989
625,1.22465e-16,0,-0.000340118
626,-0.0251301,-0.0232222,-0.025669
627,-0.0502443,-0.0464297,-0.0509816
628,-0.0753268,-0.0696078,-0.0762621
629,-0.100362,-0.092742,-0.101494
630,-0.125333,-0.115818,-0.126663
631,-0.150226,-0.13882,-0.151751
632,-0.175023,-0.161735,-0.176743
633,-0.19971,-0.184548,-0.201624
634,-0.224271,-0.207244,-0.226377
635,-0.24869,-0.229809,-0.250987
636,-0.272952,-0.252229,-0.275439
637,-0.297042,-0.27449,-0.299717
638,-0.320944,-0.296577,-0.323806
639,-0.344643,-0.318477,-0.34769
640,-0.368125,-0.340176,-0.371354
641,-0.391374,-0.36166,-0.394784
642,-0.414376,-0.382915,-0.417964
643,-0.437116,-0.403929,-0.440881
644,-0.45958,-0.424688,-0.463519
645,-0.481754,-0.445178,-0.485864
646,-0.503623,-0.465387,-0.507903
647,-0.525175,-0.485302,-0.52962
648,-0.546394,-0.504911,-0.551003
649,-0.567269,-0.524201,-0.572038
650,-0.587785,-0.543159,-0.592712
651,-0.60793,-0.561775,-0.613011
652,-0.627691,-0.580036,-0.632924
653,-0.647056,-0.59793,-0.652436
654,-0.666012,-0.615447,-0.671537
655,-0.684547,-0.632575,-0.690212
656,-0.70265,-0.649303,-0.708452
657,-0.720309,-0.665622,-0.726245
658,-0.737513,-0.68152,-0.743579
659,-0.754251,-0.696987,-0.760444
660,-0.770513,-0.712014,-0.776829
661,-0.786288,-0.726592,-0.792723
662,-0.801567,-0.74071,-0.808114
663,-0.816339,-0.754361,-0.822995
664,-0.830596,-0.767535,-0.837356
665,-0.844328,-0.780225,-0.851189
666,-0.857527,-0.792421,-0.864487
667,-0.870184,-0.804118,-0.87724
668,-0.882291,-0.815306,-0.889439
669,-0.893841,-0.825979,-0.901073
670,-0.904827,-0.836131,-0.912134
671,-0.915241,-0.845754,-0.922616
672,-0.925077,-0.854843,-0.932516
673,-0.934329,-0.863393,-0.941833
674,-0.942991,-0.871397,-0.950563
675,-0.951057,-0.87885,-0.958699
676,-0.958522,-0.885749,-0.966227
677,-0.965382,-0.892088,-0.973134
678,-0.971632,-0.897864,-0.97941
679,-0.977268,-0.903072,-0.985056
680,-0.982287,-0.90771,-0.990081
681,-0.986686,-0.911775,-0.9945
682,-0.990461,-0.915264,-0.998322
683,-0.993611,-0.918175,-1.00154
684,-0.996134,-0.920506,-1.00413
685,-0.998027,-0.922256,-1.00605
686,-0.999289,-0.923424,-1.00728
687,-0.999921,-0.924008,-1.00782
688,-0.999921,-0.924009,-1.0077
689,-0.999289,-0.923426,-1.00699
690,-0.998027,-0.922261,-1.00573
691,-0.996134,-0.920514,-1.00395
692,-0.993611,-0.918186,-1.00161
693,-0.990461,-0.915278,-0.998602
694,-0.986686,-0.911794,-0.994828
695,-0.982287,-0.907735,-0.990219
696,-0.977268,-0.903103,-0.984807
697,-0.971632,-0.897904,-0.978727
698,-0.965382,-0.892139,-0.972181
699,-0.958522,-0.885814,-0.965343
700,-0.951057,-0.878933,-0.958271
701,-0.942991,-0.871501,-0.950842
702,-0.934329,-0.863524,-0.942773
703,-0.925077,-0.855007,-0.933726
704,-0.915241,-0.845958,-0.92346
705,-0.904827,-0.836384,-0.911974
706,-0.893841,-0.826293,-0.899572
707,-0.882291,-0.815693,-0.886785
708,-0.870184,-0.804593,-0.874189
709,-0.857527,-0.793004,-0.862154
710,-0.844328,-0.780936,-0.850641
711,-0.830596,-0.768401,-0.839139
712,-0.816339,-0.75541,-0.82679
713,-0.801567,-0.741978,-0.812687
714,-0.786288,-0.728118,-0.796242
715,-0.770513,-0.713846,-0.777476
716,-0.754251,-0.699177,-0.75713
717,-0.737513,-0.68413,-0.736493
718,-0.720309,-0.668722,-0.717019
719,-0.70265,-0.652974,-0.69981
720,-0.684547,-0.636906,-0.685182
721,-0.666012,-0.620541,-0.672441
722,-0.647056,-0.603902,-0.659997
723,-0.627691,-0.587014,-0.645787
724,-0.60793,-0.569902,-0.627898
725,-0.587785,-0.552595,-0.605193
726,-0.567269,-0.53512,-0.577745
727,-0.546394,-0.517508,-0.546926
728,-0.525175,-0.499789,-0.515121
729,-0.503623,-0.481996,-0.485134
730,-0.481754,-0.46416,-0.459442
731,-0.45958,-0.446317,-0.439532
732,-0.437116,-0.428499,-0.425469
733,-0.414376,-0.410743,-0.415838
734,-0.391374,-0.393083,-0.408046
735,-0.368125,-0.375555,-0.398905
736,-0.344643,-0.358194,-0.385345
737,-0.320944,-0.341035,-0.365067
738,-0.297042,-0.324113,-0.337003
739,-0.272952,-0.307462,-0.301483
740,-0.24869,-0.291115,-0.260112
741,-0.224271,-0.275102,-0.21541
742,-0.19971,-0.259455,-0.170311
743,-0.175023,-0.244202,-0.127657
744,-0.150226,-0.22937,-0.0897747
745,-0.125333,-0.214982,-0.0582055
746,-0.100362,-0.201062,-0.0336183
747,-0.0753268,-0.187628,-0.0158762
748,-0.0502443,-0.174699,-0.00422022
749,-0.0251301,-0.162289,0.00249254
750,-2.44929e-16,-0.150408,0.00554945
751,0,-0.139066,0.00618345
752,0,-0.12827,0.00543775
753,0,-0.118021,0.00409862
754,0,-0.10832,0.00268718
755,0,-0.0991644,0.0014928
756,0,-0.0905494,0.000628774
757,0,-0.0824671,9.32712e-05
758,0,-0.0749076,-0.000176598
759,0,-0.0678585,-0.000264009
760,0,-0.0613057,-0.000246594
761,0,-0.0552334,-0.000183767
762,0,-0.0496239,-0.000113694
763,0,-0.0444584,-5.60618e-05
764,0,-0.0397172,-1.73305e-05
765,0,-0.0353793,3.80929e-06
766,0,-0.0314234,1.20514e-05
767,0,-0.0278277,1.25893e-05
768,0,-0.0245703,9.62199e-06
769,0,-0.0216291,5.88263e-06
770,0,-0.0189823,2.77008e-06
771,0,-0.0166086,7.35606e-07
772,0,-0.0144869,-3.0482e-07
773,0,-0.012597,-6.48949e-07
774,0,-0.0109194,-6.0954e-07
775,0,-0.00943533,-4.22549e-07
776,0,-0.00812707,-2.27307e-07
777,0,-0.00697779,-8.39742e-08
778,0,-0.00597173,-2.69063e-09
779,0,-0.00509415,3.01264e-08
780,0,-0.00433134,3.4007e-08
781,0,-0.00367065,2.52879e-08
782,0,-0.00310046,1.42329e-08
783,0,-0.00261013,5.61785e-09
784,0,-0.00219,5.88171e-10
785,0,-0.00183132,-1.50362e-09
786,0,-0.00152621,-1.8169e-09
787,0,-0.00126761,-1.35465e-09
788,0,-0.00104923,-7.4634e-10
789,0,-0.000865492,-2.78636e-10
790,0,-0.000711471,-1.51119e-11
791,0,-0.000582834,8.63866e-11
792,0,-0.000475794,9.45781e-11
793,0,-0.000387057,6.57904e-11
794,0,-0.000313765,3.31572e-11
795,0,-0.000253456,1.01584e-11
796,0,-0.000204016,-1.52818e-12
797,0,-0.000163637,-5.14202e-12
798,0,-0.000130782,-4.62353e-12
799,0,-0.000104151,-2.81798e-12
800,0,-8.26449e-05,-1.19121e-12
801,0,-6.53438e-05,-2.02085e-13
802,0,-5.1478e-05,2.12174e-13
803,0,-4.04077e-05,2.78067e-13
804,0,-3.16028e-05,1.99628e-13
805,0,-2.46264e-05,9.99526e-14
806,0,-1.912e-05,2.94095e-14
807,0,-1.47904e-05,-5.26862e-15
808,0,-1.13991e-05,-1.49496e-14
809,0,-8.75309e-06,-1.25858e-14
810,0,-6.69641e-06,-7.05834e-15
811,0,-5.10401e-06,-2.55387e-15
812,0,-3.87582e-06,-9.60335e-17
813,0,-2.93222e-06,7.47267e-16
814,0,-2.21006e-06,7.34865e-16
815,0,-1.65952e-06,4.46188e-16
816,0,-1.24145e-06,1.78962e-16
817,0,-9.25213e-07,2.2751e-17
818,0,-6.86931e-07,-3.63494e-17
819,0,-5.08091e-07,-4.08666e-17
820,0,-3.74388e-07,-2.60621e-17
821,0,-2.74823e-07,-1.09599e-17
822,0,-2.00969e-07,-1.79393e-18
823,0,-1.46402e-07,1.8109e-18
824,0,-1.06244e-07,2.2057e-18
825,0,-7.68067e-08,1.43089e-18
826,0,-5.53127e-08,6.05106e-19
827,0,-3.96807e-08,1.0111e-19
828,0,-2.8357e-08,-9.58768e-20
829,0,-2.01866e-08,-1.16583e-19
830,0,-1.43149e-08,-7.43792e-20
831,0,-1.01118e-08,-3.04333e-20
832,0,-7.11507e-09,-4.32757e-21
833,0,-4.98703e-09,5.38403e-21
834,0,-3.48187e-09,6.02745e-21
835,0,-2.42152e-09,3.65807e-21
836,0,-1.6775e-09,1.38899e-21
837,0,-1.15754e-09,1.18521e-22
838,0,-7.95623e-10,-3.09139e-22
839,0,-5.44716e-10,-3.0195e-22
840,0,-3.71469e-10,-1.68921e-22
841,0,-2.52326e-10,-5.63961e-23
842,0,-1.7072e-10,1.11752e-24
843,0,-1.15051e-10,1.73714e-23
844,0,-7.72275e-11,1.44416e-23
845,0,-5.16334e-11,7.21617e-24
846,0,-3.43845e-11,1.93625e-24
847,0,-2.28068e-11,-4.4058e-25
848,0,-1.50673e-11,-9.23752e-25
849,0,-9.91445e-12,-6.47675e-25
850,0,-6.49778e-12,-2.78126e-25
851,0,-4.24151e-12,-4.80695e-26
852,0,-2.75761e-12,3.85886e-26
853,0,-1.78567e-12,4.54332e-26
854,0,-1.15164e-12,2.66545e-26
855,0,-7.39751e-13,9.22808e-27
856,0,-4.73258e-13,1.46206e-28
857,0,-3.01547e-13,-2.4407e-27
858,0,-1.9136e-13,-2.02986e-27
859,0,-1.20945e-13,-9.7709e-28
860,0,-7.61306e-14,-2.34215e-28
861,0,-4.77269e-14,7.8287e-29
862,0,-2.97987e-14,1.27015e-28
863,0,-1.85293e-14,8.07626e-29
864,0,-1.14748e-14,3.02661e-29
865,0,-7.07711e-15,2.34957e-30
866,0,-4.34696e-15,-6.28452e-30
867,0,-2.65909e-15,-5.62493e-30
868,0,-1.61992e-15,-2.77415e-30
869,0,-9.82803e-16,-6.90448e-31
870,0,-5.93812e-16,1.94248e-31
871,0,-3.57304e-16,3.35867e-31
872,0,-2.14107e-16,2.11862e-31
873,0,-1.27769e-16,7.70289e-32
874,0,-7.59309e-17,4.34472e-33
875,0,-4.49374e-17,-1.68139e-32
876,0,-2.64844e-17,-1.41728e-32
877,0,-1.5544e-17,-6.57923e-33
878,0,-9.08501e-18,-1.3925e-33
879,0,-5.28777e-18,6.32981e-34
880,0,-3.0648e-18,8.45269e-34
881,0,-1.76893e-18,4.83829e-34
882,0,-1.01671e-18,1.52251e-34
883,0,-5.81916e-19,-7.96077e-36
884,0,-3.3166e-19,-4.49088e-35
885,0,-1.88233e-19,-3.19847e-35
886,0,-1.06381e-19,-1.27631e-35
887,0,-5.98684e-20,-1.52194e-36
888,0,-3.35499e-20,2.07704e-36
889,0,-1.87216e-20,1.94003e-36
890,0,-1.04028e-20,9.29449e-37
891,0,-5.75583e-21,2.07792e-37
892,0,-3.17115e-21,-7.73305e-38
893,0,-1.73969e-21,-1.09097e-37
894,0,-9.50327e-22,-6.15748e-38
895,0,-5.16909e-22,-1.84729e-38
896,0,-2.79958e-22,1.58794e-39
897,0,-1.50976e-22,5.71327e-39
898,0,-8.10691e-23,3.79824e-39
899,0,-4.33443e-23,1.37895e-39
900,0,-2.30747e-23,7.86765e-41
901,0,-1.2231e-23,-2.78465e-40
902,0,-6.45522e-24,-2.2125e-40
903,0,-3.39216e-24,-9.27934e-41
904,0,-1.77483e-24,-1.36031e-41
905,0,-9.24592e-25,1.25477e-41
906,0,-4.79569e-25,1.22899e-41
907,0,-2.47661e-25,5.80894e-42
908,0,-1.27341e-25,1.21981e-42
909,0,-6.51894e-26,-5.13787e-43
910,0,-3.32264e-26,-6.55936e-43
911,0,-1.6861e-26,-3.44254e-43
912,0,-8.51867e-27,-8.89051e-44
913,0,-4.28497e-27,1.83337e-44
914,0,-2.1459e-27,3.38565e-44
915,0,-1.06992e-27,1.95316e-44
916,0,-5.3109e-28,5.79213e-45
917,0,-2.62459e-28,-5.02128e-46
918,0,-1.29129e-28,-1.70023e-45
919,0,-6.32494e-29,-1.06933e-45
920,0,-3.08427e-29,-3.5017e-46
921,0,-1.4973e-29,4.06184e-48
922,0,-7.23643e-30,8.35679e-47
923,0,-3.48172e-30,5.68328e-47
924,0,-1.66768e-30,2.00213e-47
925,0,-7.9521e-31,7.6822e-49
926,0,-3.7748e-31,-4.0444e-48
927,0,-1.7838e-31,-2.94581e-48
928,0,-8.39143e-32,-1.09465e-48
929,0,-3.9297e-32,-7.88417e-50
930,0,-1.83195e-32,1.9389e-49
931,0,-8.50146e-33,1.49451e-49
932,0,-3.92732e-33,5.7629e-50
933,0,-1.80601e-33,5.40826e-51
934,0,-8.26718e-34,-9.25946e-51
935,0,-3.76711e-34,-7.44162e-51
936,0,-1.7087e-34,-2.93441e-51
937,0,-7.7149e-35,-3.11792e-52
938,0,-3.46733e-35,4.42545e-52
939,0,-1.55116e-35,3.64361e-52
940,0,-6.90735e-36,1.44913e-52
941,0,-3.06165e-36,1.60206e-53
942,0,-1.35078e-36,-2.12306e-53
943,0,-5.93195e-37,-1.75618e-53
944,0,-2.59291e-37,-6.95084e-54
945,0,-1.12811e-37,-7.46265e-55
946,0,-4.88522e-38,1.02319e-54
947,0,-2.10564e-38,8.33526e-55
948,0,-9.03328e-39,3.23933e-55
949,0,-3.85713e-39,3.13548e-56
950,0,-1.63922e-39,-4.94682e-56
951,0,-6.93362e-40,-3.89404e-56
952,0,-2.91896e-40,-1.46572e-56
953,0,-1.22303e-40,-1.15012e-57
954,0,-5.10015e-41,2.39135e-57
955,0,-2.11671e-41,1.7887e-57
956,0,-8.74318e-42,6.4273e-58
957,0,-3.59419e-42,3.30354e-59
958,0,-1.47046e-42,-1.15073e-58
959,0,-5.98713e-43,-8.06456e-59
960,0,-2.42603e-43,-2.72272e-59
961,0,-9.78317e-44,-3.72494e-61
962,0,-3.92614e-44,5.48489e-60
963,0,-1.56801e-44,3.56069e-60
964,0,-6.23196e-45,1.10863e-60
965,0,-2.46484e-45,-4.23363e-62
966,0,-9.70145e-46,-2.57692e-61
967,0,-3.79982e-46,-1.53514e-61
968,0,-1.48103e-46,-4.30471e-62
969,0,-5.74426e-47,4.77066e-63
970,0,-2.21701e-47,1.18791e-62
971,0,-8.51457e-48,6.44008e-63
972,0,-3.25395e-48,1.57325e-63
973,0,-1.2374e-48,-3.42546e-64
974,0,-4.68225e-49,-5.35039e-64
975,0,-1.76294e-49,-2.61732e-64
976,0,-6.60475e-50,-5.28409e-65
977,0,-2.46209e-50,2.06355e-65
978,0,-9.13224e-51,2.34531e-65
979,0,-3.37031e-51,1.02468e-65
980,0,-1.23759e-51,1.54831e-66
981,0,-4.52159e-52,-1.1194e-66
982,0,-1.64365e-52,-9.9663e-67
983,0,-5.94467e-53,-3.83453e-67
984,0,-2.13913e-53,-3.3731e-68
985,0,-7.65834e-54,5.62517e-68
986,0,-2.72781e-54,4.08871e-68
987,0,-9.6665e-55,1.35579e-68
988,0,-3.40797e-55,6.35125e-71
989,0,-1.19533e-55,-2.65398e-69
990,0,-4.17097e-56,-1.61157e-69
991,0,-1.44791e-56,-4.44218e-70
992,0,-5.00027e-57,5.14652e-71
993,0,-1.71786e-57,1.18339e-70
994,0,-5.87108e-58,6.06476e-71
995,0,-1.99608e-58,1.29806e-71
996,0,-6.75092e-59,-4.14274e-72
997,0,-2.27125e-59,-4.9957e-72
998,0,-7.60116e-60,-2.18276e-72
999,0,-2.53046e-60,-2.16185e-73
1000,0,0,0

